1.34305|52.84582
1.34304|52.84582
1.34292|52.84566
1.34271|52.84532
1.34251|52.84524
1.34203|52.84514
1.34163|52.84504
1.34147|52.84497
1.34139|52.84495
1.34125|52.84488
1.34095|52.84431
1.34092|52.84419
1.34092|52.8441
1.34111|52.84386
1.34165|52.84376
1.34179|52.84346
1.34185|52.84329
1.34194|52.84292
1.34223|52.84218
1.3424|52.84165
1.3426|52.84091
1.34265|52.84065
1.34283|52.83924
1.34291|52.83876
1.34295|52.83859
1.34299|52.83847
1.34305|52.83819
1.34312|52.83796
1.34322|52.8377
1.34335|52.83745
1.34336|52.83744
1.3436|52.83694
1.34373|52.83673
1.34411|52.83621
1.34435|52.83581
1.34465|52.83524
1.34472|52.83506
1.34475|52.835
1.34486|52.83467
1.34496|52.83445
1.34582|52.83296
1.34603|52.83256
1.3461|52.8324
1.34618|52.83217
1.34633|52.83165
1.34638|52.83139
1.34638|52.83136
1.34643|52.83109
1.34651|52.83075
1.3466|52.83044
1.34691|52.82966
1.34693|52.82963
1.34718|52.82905
1.34739|52.82849
1.3474|52.82843
1.3474|52.82835
1.34738|52.82815
1.34715|52.82671
1.34709|52.82648
1.34707|52.82643
1.34703|52.82629
1.34677|52.82559
1.34639|52.82499
1.34599|52.82449
1.34575|52.82426
1.3455|52.82406
1.34541|52.824
1.34491|52.8236
1.3446|52.82327
1.3445|52.82314
1.34412|52.82273
1.34398|52.8226
1.34346|52.82217
1.34324|52.82195
1.34305|52.82171
1.34288|52.82139
1.34274|52.82117
1.34201|52.82023
1.34168|52.81969
1.34135|52.81921
1.34124|52.819
1.34087|52.81802
1.34084|52.81796
1.34062|52.81738
1.34037|52.81679
1.33985|52.81595
1.33931|52.81526
1.33923|52.81509
1.3392|52.81501
1.33912|52.8147
1.33909|52.81467
1.33906|52.81465
1.33889|52.81449
1.33877|52.81439
1.33866|52.81369
1.33863|52.81329
1.33866|52.81292
1.33864|52.8122
1.33873|52.81147
1.33882|52.81113
1.33888|52.81084
1.3389|52.81059
1.3389|52.80977
1.33898|52.80958
1.33902|52.80952
1.33916|52.80926
1.33922|52.80911
1.33922|52.80896
1.33921|52.80893
1.3392|52.80886
1.33877|52.80774
1.33873|52.8076
1.33871|52.80749
1.3387|52.80693
1.33865|52.80672
1.33861|52.80661
1.3386|52.8066
1.33855|52.80649
1.33836|52.80615
1.33834|52.80608
1.33832|52.80597
1.33834|52.80583
1.33838|52.80573
1.33872|52.80513
1.33892|52.8047
1.33896|52.80464
1.33908|52.80452
1.33929|52.80437
1.33941|52.80427
1.3395|52.80418
1.33971|52.80388
1.33991|52.8035
1.33995|52.80334
1.33996|52.80333
1.33998|52.80323
1.34002|52.80314
1.34039|52.80252
1.34043|52.80243
1.34049|52.80218
1.34056|52.80175
1.34072|52.80109
1.34079|52.80087
1.34085|52.80061
1.34093|52.80008
1.34091|52.79917
1.34094|52.79896
1.34101|52.7986
1.34101|52.79845
1.34096|52.79823
1.34094|52.79818
1.34087|52.79792
1.34082|52.79764
1.34082|52.79751
1.34084|52.79739
1.34091|52.79723
1.34101|52.79711
1.34107|52.79701
1.34112|52.79689
1.34114|52.79682
1.34116|52.79665
1.34116|52.79634
1.34106|52.79539
1.34099|52.79513
1.34058|52.79393
1.34038|52.79327
1.34035|52.79309
1.3402|52.79274
1.34018|52.79271
1.3397|52.79173
1.33968|52.79171
1.33958|52.79154
1.33937|52.79124
1.33916|52.791
1.33911|52.79093
1.33906|52.79083
1.33898|52.7906
1.33893|52.79036
1.33894|52.79028
1.33892|52.79015
1.33852|52.78899
1.3385|52.7889
1.33848|52.78869
1.33851|52.78777
1.3385|52.78754
1.33842|52.78679
1.33839|52.78667
1.33832|52.78651
1.33782|52.78558
1.33767|52.78517
1.33752|52.78464
1.33745|52.78433
1.33737|52.78387
1.33735|52.78359
1.3374|52.78271
1.33741|52.78268
1.33741|52.78266
1.33743|52.78264
1.33746|52.78258
1.33736|52.78259
1.33697|52.78258
1.33424|52.78228
1.33222|52.78197
1.32978|52.78182
1.33222|52.78197
1.33424|52.78228
1.33697|52.78258
1.33736|52.78259
1.33746|52.78258
1.33752|52.78258
1.33775|52.78256
1.33922|52.78262
1.3417|52.78266
1.34262|52.78265
1.34278|52.78264
1.34284|52.78263
1.34362|52.78259
1.3444|52.7825
1.34469|52.78245
1.34474|52.78245
1.3461|52.78218
1.34613|52.78217
1.34746|52.78193
1.34975|52.78132
1.34996|52.78125
1.35008|52.78122
1.35081|52.78092
1.35142|52.78061
1.35262|52.78009
1.35282|52.77999
1.35298|52.77988
1.35321|52.77976
1.35361|52.77959
1.35587|52.77872
1.35619|52.77862
1.35627|52.779
1.35624|52.77926
1.35596|52.78037
1.35596|52.78039
1.35588|52.78061
1.35572|52.78086
1.35564|52.78101
1.35561|52.78109
1.3556|52.78118
1.35557|52.78131
1.35567|52.78178
1.35569|52.78201
1.3557|52.78205
1.35571|52.78207
1.35575|52.78211
1.35577|52.78212
1.35584|52.78214
1.3563|52.78215
1.35677|52.78214
1.35701|52.78212
1.35946|52.78204
1.35969|52.78201
1.35981|52.78188
1.35979|52.78176
1.35982|52.78149
1.35985|52.78134
1.35995|52.78105
1.36006|52.78083
1.36009|52.78075
1.3601|52.78068
1.36008|52.78055
1.36008|52.78047
1.36001|52.78011
1.35998|52.77973
1.35998|52.77962
1.35996|52.77951
1.35996|52.77946
1.35994|52.77939
1.35989|52.77926
1.35981|52.77914
1.35975|52.77903
1.35928|52.7784
1.35925|52.77834
1.3592|52.77818
1.35918|52.77796
1.35914|52.77784
1.35908|52.77775
1.35918|52.77769
1.35924|52.77763
1.35927|52.77759
1.35942|52.77754
1.3601|52.77746
1.36024|52.77746
1.36053|52.77753
1.36076|52.77762
1.36163|52.7779
1.36221|52.778
1.36233|52.77803
1.36241|52.77804
1.36381|52.77841
1.36452|52.77857
1.36665|52.77913
1.36676|52.77915
1.36701|52.77916
1.36707|52.77915
1.3673|52.77914
1.36999|52.77919
1.37058|52.77923
1.37433|52.77966
1.37438|52.77966
1.37519|52.77974
1.37526|52.77974
1.37717|52.77991
1.37749|52.77991
1.37893|52.77984
1.37931|52.77979
1.37936|52.77977
1.3796|52.77971
1.37985|52.77962
1.3802|52.77952
1.3803|52.7795
1.38049|52.77949
1.38056|52.77948
1.38108|52.77953
1.38124|52.77919
1.38144|52.77921
1.38168|52.77919
1.38179|52.77917
1.38195|52.77911
1.38213|52.77907
1.38221|52.77907
1.38237|52.77905
1.38267|52.77904
1.38291|52.77905
1.38343|52.7791
1.3842|52.77924
1.38436|52.77926
1.38517|52.77941
1.38774|52.77996
1.38831|52.78006
1.38839|52.77944
1.38844|52.7793
1.38859|52.77911
1.38904|52.77874
1.38994|52.77791
1.39041|52.77752
1.39136|52.77681
1.392|52.77637
1.39382|52.77533
1.3939|52.77531
1.39377|52.77486
1.39374|52.77478
1.39366|52.77446
1.39356|52.77395
1.39343|52.77354
1.39335|52.77322
1.39334|52.77312
1.39336|52.77285
1.39347|52.77268
1.39348|52.77267
1.39351|52.77267
1.39355|52.77265
1.3937|52.7725
1.39386|52.77222
1.39402|52.77202
1.39414|52.77193
1.39417|52.7719
1.39484|52.77137
1.39487|52.77131
1.3949|52.77123
1.39494|52.77107
1.39502|52.77061
1.39505|52.77031
1.3952|52.77033
1.39536|52.77037
1.3957|52.7705
1.39587|52.77054
1.39624|52.77059
1.39658|52.77061
1.39673|52.77061
1.39687|52.7706
1.39762|52.7706
1.39778|52.77061
1.39812|52.77022
1.39938|52.76909
1.39972|52.76881
1.40027|52.76851
1.40043|52.76848
1.40372|52.76895
1.40406|52.76894
1.40519|52.76877
1.40822|52.76843
1.40829|52.76841
1.40836|52.76841
1.41068|52.76814
1.41077|52.76814
1.41088|52.76817
1.41091|52.7682
1.411|52.76832
1.4113|52.76877
1.41137|52.76884
1.41146|52.76889
1.41156|52.76892
1.41165|52.76893
1.41173|52.76895
1.41204|52.76897
1.41368|52.76917
1.41398|52.76915
1.41581|52.76884
1.4158|52.76886
1.41574|52.76928
1.41565|52.77062
1.41563|52.77072
1.41558|52.77114
1.41551|52.77153
1.41555|52.77172
1.41559|52.77182
1.41585|52.77231
1.41592|52.7724
1.41632|52.77307
1.41632|52.77308
1.41645|52.7733
1.41657|52.77354
1.41663|52.7737
1.41666|52.77384
1.41667|52.77405
1.41666|52.77433
1.41659|52.77471
1.4165|52.77497
1.41635|52.7752
1.41613|52.77545
1.41565|52.77642
1.41547|52.77682
1.41531|52.77725
1.41517|52.77769
1.41503|52.77828
1.41496|52.77847
1.4148|52.77881
1.41447|52.77937
1.41446|52.77937
1.41438|52.77948
1.41435|52.77951
1.41432|52.77953
1.41426|52.77956
1.41396|52.77964
1.41288|52.77985
1.41275|52.7799
1.41266|52.77996
1.41264|52.77999
1.41262|52.78001
1.4126|52.78008
1.4126|52.78014
1.41266|52.78047
1.41274|52.78126
1.41291|52.78187
1.41292|52.78205
1.41276|52.78208
1.41262|52.78214
1.4126|52.78216
1.41257|52.78218
1.41252|52.78231
1.41251|52.78239
1.41252|52.78251
1.41253|52.78255
1.41271|52.78285
1.4128|52.78317
1.4125|52.78326
1.41156|52.7834
1.4117|52.78379
1.41171|52.78386
1.41171|52.78393
1.41169|52.78407
1.41167|52.78412
1.41156|52.78428
1.41097|52.78485
1.41093|52.78488
1.41085|52.78497
1.41078|52.78507
1.41066|52.78529
1.41061|52.78547
1.41058|52.78569
1.41059|52.78593
1.4106|52.78597
1.41063|52.78627
1.41063|52.78635
1.41061|52.78644
1.41065|52.78646
1.41079|52.7865
1.41084|52.78649
1.41113|52.7864
1.41155|52.78629
1.41215|52.78618
1.41273|52.78615
1.41287|52.78611
1.41296|52.78607
1.41303|52.78601
1.41313|52.78588
1.41313|52.78587
1.41397|52.7858
1.41413|52.78588
1.41431|52.78594
1.41457|52.78599
1.41589|52.78612
1.41612|52.78617
1.4162|52.7862
1.41648|52.78627
1.41761|52.78662
1.41797|52.78669
1.41922|52.78685
1.41963|52.78694
1.42029|52.78712
1.42181|52.78763
1.42194|52.78769
1.42234|52.78784
1.4249|52.78844
1.42645|52.78884
1.42664|52.78888
1.42768|52.7893
1.42786|52.7894
1.42796|52.78949
1.42783|52.78954
1.4282|52.78994
1.42863|52.79045
1.4289|52.79083
1.42914|52.79122
1.42937|52.79167
1.42964|52.79229
1.42988|52.79292
1.42999|52.79313
1.43007|52.79325
1.43025|52.79345
1.43037|52.79356
1.4306|52.79374
1.431|52.79395
1.43236|52.79442
1.43276|52.79452
1.43336|52.79471
1.4337|52.79484
1.43475|52.79541
1.43491|52.79551
1.43501|52.79559
1.43523|52.7958
1.4353|52.79584
1.43558|52.79596
1.43577|52.79602
1.43616|52.79611
1.43635|52.79619
1.43643|52.79624
1.43651|52.79631
1.43762|52.79676
1.43811|52.79685
1.43842|52.79688
1.43945|52.79691
1.44057|52.79704
1.4413|52.79719
1.44144|52.79721
1.44259|52.79745
1.44429|52.79772
1.44435|52.79772
1.44572|52.79803
1.44575|52.79807
1.44657|52.79798
1.44684|52.79793
1.44739|52.7978
1.4474|52.79777
1.44745|52.79772
1.44757|52.79764
1.44818|52.79714
1.44828|52.797
1.44832|52.79691
1.44869|52.79635
1.4488|52.79615
1.44886|52.79596
1.44904|52.79552
1.44912|52.79535
1.44916|52.79531
1.44933|52.79517
1.44934|52.79517
1.4494|52.79513
1.44951|52.79508
1.44958|52.79504
1.44978|52.79495
1.45039|52.79456
1.45052|52.79451
1.45053|52.7945
1.45157|52.79388
1.45162|52.7938
1.45182|52.79359
1.45193|52.79352
1.45195|52.7934
1.45189|52.79331
1.45161|52.79305
1.45094|52.79237
1.45079|52.79217
1.45005|52.79076
1.44989|52.79036
1.44982|52.79005
1.44973|52.78936
1.44973|52.789
1.44975|52.7889
1.4498|52.78878
1.44996|52.78854
1.45042|52.78807
1.45061|52.78792
1.45089|52.78774
1.45093|52.78773
1.45109|52.78765
1.45148|52.78751
1.45193|52.78738
1.45196|52.78738
1.45252|52.78725
1.45254|52.78724
1.4532|52.78713
1.45406|52.78703
1.45411|52.78701
1.45417|52.787
1.45421|52.78697
1.45425|52.78695
1.45431|52.7869
1.45435|52.78683
1.45474|52.78588
1.45506|52.7852
1.45526|52.78453
1.45533|52.78424
1.45533|52.78409
1.45531|52.78397
1.45511|52.78337
1.4551|52.78328
1.4551|52.78315
1.45511|52.78311
1.45522|52.7828
1.45543|52.78231
1.45586|52.7809
1.45572|52.78088
1.45483|52.78082
1.45137|52.78086
1.45068|52.78085
1.4502|52.78086
1.44944|52.78083
1.44841|52.78073
1.44837|52.78072
1.44782|52.78067
1.44696|52.78064
1.4451|52.78063
1.44501|52.78062
1.4449|52.78059
1.44479|52.78053
1.44461|52.78036
1.44438|52.78011
1.44426|52.78
1.44386|52.77968
1.44344|52.77937
1.443|52.779
1.44221|52.77826
1.44215|52.77822
1.44201|52.77816
1.44224|52.77796
1.44256|52.77765
1.443|52.7771
1.44349|52.77643
1.4439|52.77599
1.44409|52.77584
1.4446|52.77551
1.44485|52.77537
1.44666|52.7746
1.44813|52.77379
1.44841|52.7736
1.44856|52.77347
1.44857|52.77347
1.44875|52.7733
1.44887|52.77316
1.44889|52.77313
1.44919|52.77279
1.44956|52.77245
1.45132|52.77116
1.45156|52.77102
1.45205|52.77079
1.4524|52.77065
1.45273|52.77048
1.45301|52.77031
1.45335|52.77006
1.45362|52.76978
1.45383|52.76945
1.45391|52.76918
1.45399|52.76873
1.45403|52.76861
1.45415|52.76842
1.45428|52.76827
1.45483|52.76775
1.45556|52.76714
1.4557|52.767
1.45581|52.76687
1.45599|52.7666
1.45636|52.76588
1.45648|52.76569
1.45662|52.7655
1.45681|52.76527
1.45698|52.7651
1.45731|52.76483
1.45752|52.76468
1.45726|52.76454
1.4571|52.76437
1.45703|52.76425
1.457|52.76414
1.45684|52.76331
1.45667|52.76258
1.4566|52.76242
1.45652|52.76229
1.45642|52.76217
1.45618|52.76195
1.45644|52.7619
1.45677|52.76182
1.45728|52.76172
1.45731|52.76171
1.45833|52.76152
1.45868|52.76143
1.45889|52.76135
1.45909|52.76123
1.45921|52.76117
1.45959|52.76087
1.45967|52.76077
1.45986|52.76057
1.46006|52.76029
1.45986|52.76057
1.45967|52.76077
1.45959|52.76087
1.45921|52.76117
1.45909|52.76123
1.45889|52.76135
1.45868|52.76143
1.45833|52.76152
1.45731|52.76171
1.45728|52.76172
1.45677|52.76182
1.45644|52.7619
1.45618|52.76195
1.45561|52.7615
1.45542|52.76132
1.45533|52.76125
1.45526|52.76117
1.45463|52.76056
1.45411|52.76012
1.45254|52.75887
1.45186|52.75824
1.45133|52.75769
1.45121|52.75755
1.45098|52.75717
1.45089|52.75686
1.45083|52.75654
1.45082|52.75573
1.45084|52.75541
1.45083|52.75529
1.45088|52.75471
1.45091|52.75454
1.45093|52.75434
1.45097|52.75409
1.45098|52.75396
1.45098|52.75385
1.45097|52.75375
1.45093|52.75353
1.45079|52.75308
1.45073|52.75282
1.45071|52.75269
1.4507|52.7525
1.45072|52.75215
1.45076|52.75189
1.45085|52.75146
1.45089|52.75131
1.45089|52.75127
1.45095|52.75104
1.45095|52.75071
1.45096|52.75056
1.45097|52.7505
1.45097|52.75047
1.451|52.75042
1.45114|52.75033
1.4513|52.75027
1.45129|52.75025
1.45085|52.74987
1.45058|52.74959
1.45019|52.74923
1.44973|52.74875
1.44913|52.74808
1.44834|52.74704
1.44783|52.74626
1.44756|52.7458
1.44746|52.7456
1.44757|52.74558
1.44766|52.74558
1.44774|52.7456
1.44779|52.74563
1.44798|52.74572
1.44827|52.7458
1.44838|52.74581
1.44855|52.74584
1.44883|52.74586
1.44905|52.74586
1.44961|52.74583
1.45181|52.74583
1.45397|52.74578
1.4553|52.7457
1.45952|52.74557
1.461|52.74557
1.46106|52.74558
1.46177|52.74559
1.46377|52.7455
1.46515|52.7454
1.46695|52.74522
1.46692|52.74502
1.46673|52.74418
1.46654|52.74318
1.46654|52.74316
1.46648|52.74283
1.46647|52.74254
1.46649|52.74236
1.46653|52.74216
1.46664|52.74174
1.46674|52.74147
1.46692|52.74113
1.46694|52.7411
1.46694|52.74107
1.46695|52.74103
1.46695|52.74099
1.46689|52.74069
1.46685|52.74055
1.46675|52.74035
1.46667|52.74015
1.46659|52.73998
1.46658|52.73994
1.46642|52.73962
1.46636|52.73946
1.46632|52.73924
1.46632|52.73897
1.46634|52.73891
1.46642|52.73873
1.46678|52.73815
1.4669|52.73793
1.46715|52.73754
1.46707|52.7371
1.467|52.73688
1.46691|52.73667
1.4669|52.73666
1.46666|52.73615
1.46666|52.73614
1.46645|52.73581
1.46728|52.7356
1.4673|52.7356
1.46744|52.73556
1.46749|52.73556
1.46767|52.73553
1.46844|52.73544
1.46892|52.73541
1.47075|52.73537
1.47094|52.73539
1.47277|52.73542
1.47293|52.7354
1.473|52.73538
1.47303|52.73536
1.47308|52.73534
1.47312|52.73531
1.47313|52.73529
1.47319|52.73522
1.47349|52.73448
1.47357|52.73433
1.47377|52.7341
1.47389|52.73398
1.47393|52.73395
1.474|52.73391
1.47412|52.73388
1.47421|52.73388
1.47446|52.73386
1.47482|52.73387
1.47649|52.73407
1.47653|52.73408
1.47744|52.73422
1.47788|52.73431
1.47853|52.73436
1.47879|52.73442
1.47891|52.73447
1.47893|52.73449
1.47902|52.73454
1.47913|52.73462
1.47923|52.73467
1.47934|52.73471
1.47953|52.73476
1.47991|52.73482
1.48023|52.73485
1.48126|52.73484
1.48171|52.73487
1.4821|52.73493
1.48268|52.73506
1.48298|52.73516
1.48353|52.7354
1.48387|52.73557
1.48396|52.73559
1.48401|52.73558
1.48407|52.73556
1.48409|52.73554
1.48411|52.73553
1.48414|52.7355
1.4842|52.73539
1.48431|52.73506
1.48436|52.73498
1.48443|52.7349
1.48469|52.73468
1.48472|52.73463
1.48474|52.73457
1.48475|52.73452
1.4847|52.73404
1.48465|52.7337
1.48457|52.73342
1.4845|52.73312
1.48449|52.7331
1.48449|52.73307
1.48451|52.73303
1.48453|52.73301
1.48457|52.73299
1.48459|52.73299
1.48535|52.73286
1.48624|52.73264
1.48666|52.73257
1.48697|52.73254
1.4882|52.73247
1.4891|52.73246
1.48946|52.73247
1.48973|52.73244
1.4898|52.73242
1.48992|52.7324
1.49015|52.73234
1.4903|52.73228
1.49033|52.73226
1.49034|52.73226
1.4907|52.73204
1.49084|52.73188
1.49092|52.73174
1.491|52.73156
1.49109|52.73147
1.49115|52.73143
1.49137|52.73135
1.49152|52.73131
1.49334|52.73098
1.49469|52.73078
1.49557|52.7307
1.4957|52.73066
1.49577|52.73057
1.49586|52.73022
1.49589|52.73004
1.49611|52.72933
1.49612|52.72928
1.49617|52.72917
1.49628|52.72883
1.49942|52.72941
1.5009|52.72983
1.50114|52.72987
1.50134|52.72989
1.50149|52.72989
1.50181|52.72985
1.50194|52.72986
1.50237|52.72994
1.50249|52.72999
1.5025|52.73
1.50252|52.73001
1.50252|52.73002
1.50253|52.73004
1.50253|52.73006
1.5025|52.73012
1.50253|52.73006
1.50253|52.73004
1.50252|52.73002
1.50252|52.73001
1.5025|52.73
1.50249|52.72999
1.50237|52.72994
1.50194|52.72986
1.50181|52.72985
1.50149|52.72989
1.50134|52.72989
1.50114|52.72987
1.5009|52.72983
1.49942|52.72941
1.4958|52.72874
1.49377|52.72841
1.49249|52.72832
1.49167|52.72833
1.49091|52.7284
1.48968|52.72858
1.48929|52.72862
1.48889|52.72864
1.48829|52.72864
1.48603|52.72854
1.48543|52.72856
1.48446|52.72867
1.48368|52.72879
1.48333|52.72886
1.48217|52.72905
1.48214|52.72906
1.48157|52.72913
1.4813|52.72915
1.48024|52.72917
1.48002|52.72916
1.47874|52.72917
1.47832|52.72915
1.47808|52.72915
1.47793|52.72914
1.4778|52.72912
1.47775|52.7291
1.47767|52.72903
1.47765|52.72896
1.47764|52.7289
1.47764|52.72887
1.47759|52.72861
1.47755|52.7285
1.47752|52.72847
1.4775|52.72844
1.47745|52.72841
1.47741|52.7284
1.47732|52.7284
1.47725|52.72841
1.47677|52.72854
1.47647|52.7286
1.47632|52.72864
1.47602|52.72869
1.47557|52.7288
1.47523|52.72884
1.47506|52.72883
1.47503|52.72882
1.47483|52.72879
1.47476|52.72877
1.47468|52.72872
1.47467|52.72872
1.47461|52.72867
1.47457|52.72859
1.47451|52.72844
1.47433|52.72788
1.47429|52.72778
1.47423|52.7277
1.47414|52.72762
1.47403|52.72757
1.47392|52.72753
1.47358|52.72747
1.4734|52.72746
1.47337|52.72745
1.47309|52.72739
1.47291|52.72732
1.47283|52.72728
1.47267|52.72718
1.47257|52.7271
1.47236|52.72681
1.47219|52.72661
1.47192|52.72643
1.47156|52.72627
1.47138|52.72621
1.47112|52.72609
1.47082|52.72598
1.47081|52.72597
1.47022|52.72582
1.47016|52.72579
1.47012|52.72576
1.47009|52.72573
1.47005|52.72567
1.47004|52.72506
1.47|52.72429
1.47022|52.72284
1.47027|52.72261
1.47028|52.72259
1.47031|52.72256
1.47039|52.72253
1.4704|52.72253
1.47043|52.72252
1.47176|52.72257
1.47209|52.72256
1.47216|52.72254
1.47231|52.72248
1.47242|52.7224
1.47255|52.72232
1.47325|52.7218
1.47339|52.72171
1.4736|52.72154
1.47391|52.72134
1.47415|52.72121
1.47417|52.72121
1.47449|52.72104
1.47474|52.72093
1.47487|52.72089
1.47487|52.72078
1.47486|52.72065
1.47481|52.72029
1.47464|52.71971
1.47459|52.7195
1.47457|52.71933
1.47458|52.71917
1.47459|52.71911
1.47462|52.71902
1.47471|52.71883
1.47486|52.71861
1.47495|52.71851
1.47496|52.71849
1.47522|52.71821
1.47531|52.71809
1.47536|52.71805
1.47542|52.71795
1.47556|52.71776
1.47574|52.71742
1.4759|52.71718
1.47592|52.71716
1.47595|52.71712
1.47614|52.71693
1.47622|52.71686
1.47628|52.71677
1.4763|52.71673
1.4763|52.7167
1.47632|52.7166
1.47632|52.71653
1.47633|52.71642
1.47633|52.7163
1.47634|52.7162
1.47637|52.71609
1.4764|52.71587
1.47642|52.7158
1.47642|52.71567
1.47643|52.71555
1.47641|52.71528
1.4764|52.71523
1.4764|52.71516
1.47641|52.71512
1.47641|52.71509
1.47643|52.71503
1.47644|52.71496
1.47645|52.71493
1.47653|52.71476
1.47658|52.71468
1.47664|52.7146
1.47663|52.71454
1.47661|52.71448
1.47658|52.71442
1.47656|52.71442
1.4763|52.71425
1.47598|52.71408
1.47576|52.714
1.47515|52.71394
1.47462|52.71392
1.47448|52.7139
1.47418|52.71378
1.4737|52.71356
1.47339|52.7134
1.47303|52.71324
1.47297|52.71322
1.47254|52.71301
1.4721|52.71287
1.47159|52.71279
1.46975|52.71266
1.46953|52.71263
1.46916|52.71261
1.46833|52.71261
1.46755|52.71258
1.46625|52.71257
1.46621|52.71256
1.46585|52.71253
1.46561|52.71247
1.46563|52.71231
1.46563|52.71197
1.46565|52.71177
1.46566|52.71174
1.46569|52.71151
1.4658|52.711
1.46599|52.71032
1.46601|52.7102
1.466|52.70949
1.46598|52.70911
1.46595|52.70897
1.46576|52.70854
1.4657|52.70849
1.46563|52.70842
1.46561|52.70842
1.46557|52.70839
1.46545|52.70833
1.4646|52.70805
1.4641|52.70783
1.4638|52.70768
1.46355|52.70776
1.4631|52.70695
1.46306|52.7069
1.46301|52.70682
1.4629|52.7067
1.46263|52.70645
1.46245|52.7063
1.46222|52.70613
1.46217|52.70607
1.46212|52.70595
1.46212|52.7059
1.46214|52.70585
1.46216|52.70582
1.4626|52.70538
1.46262|52.70537
1.46276|52.70521
1.46337|52.70442
1.46351|52.70418
1.46352|52.70418
1.46357|52.70406
1.4637|52.70382
1.46379|52.70369
1.46389|52.7035
1.46454|52.70244
1.46455|52.70244
1.46459|52.70238
1.46469|52.70228
1.46489|52.70215
1.46508|52.70205
1.46519|52.70198
1.46576|52.70168
1.46577|52.70167
1.46612|52.70147
1.4664|52.70129
1.46661|52.70114
1.46672|52.70105
1.46679|52.70098
1.46685|52.7009
1.4669|52.70081
1.46697|52.70072
1.46701|52.70064
1.46711|52.70049
1.46719|52.70035
1.46722|52.70032
1.46725|52.70028
1.46736|52.70017
1.46762|52.69998
1.46782|52.69985
1.46814|52.69967
1.46815|52.69965
1.4686|52.69939
1.46906|52.6992
1.4693|52.69908
1.46942|52.69897
1.46949|52.69887
1.46953|52.69879
1.46956|52.69871
1.4696|52.69856
1.46963|52.69849
1.46989|52.69815
1.46997|52.69803
1.47007|52.69783
1.47009|52.69775
1.47018|52.69761
1.47024|52.69754
1.47038|52.69743
1.47046|52.69738
1.47061|52.69731
1.47122|52.69711
1.47165|52.69702
1.47187|52.69699
1.47221|52.69698
1.47234|52.69699
1.47377|52.69724
1.47422|52.69728
1.47424|52.69729
1.47442|52.6973
1.475|52.69737
1.47519|52.69741
1.47536|52.69746
1.47538|52.69747
1.47562|52.69754
1.47599|52.69769
1.47631|52.6978
1.47653|52.69789
1.47691|52.69799
1.47749|52.69807
1.47768|52.698
1.48015|52.6973
1.48074|52.6971
1.48177|52.69669
1.48248|52.69636
1.4826|52.69632
1.48339|52.69598
1.48343|52.69597
1.48347|52.69597
1.48363|52.69613
1.48347|52.69597
1.48343|52.69597
1.48339|52.69598
1.4826|52.69632
1.48248|52.69636
1.48177|52.69669
1.48074|52.6971
1.48015|52.6973
1.47768|52.698
1.47749|52.69807
1.47691|52.69799
1.47653|52.69789
1.47631|52.6978
1.47599|52.69769
1.47562|52.69754
1.47538|52.69747
1.47536|52.69746
1.47519|52.69741
1.475|52.69737
1.47442|52.6973
1.47424|52.69729
1.47422|52.69728
1.47377|52.69724
1.47234|52.69699
1.47221|52.69698
1.47187|52.69699
1.47165|52.69702
1.47122|52.69711
1.47061|52.69731
1.47046|52.69738
1.47038|52.69743
1.47024|52.69754
1.47018|52.69761
1.47009|52.69775
1.47007|52.69783
1.46997|52.69803
1.46989|52.69815
1.46963|52.69849
1.4696|52.69856
1.46956|52.69871
1.46953|52.69879
1.46949|52.69887
1.46942|52.69897
1.4693|52.69908
1.46906|52.6992
1.4686|52.69939
1.46815|52.69965
1.46814|52.69967
1.46782|52.69985
1.46762|52.69998
1.46736|52.70017
1.46725|52.70028
1.46722|52.70032
1.46719|52.70035
1.46711|52.70049
1.46701|52.70064
1.46697|52.70072
1.4669|52.70081
1.46685|52.7009
1.46679|52.70098
1.46672|52.70105
1.46661|52.70114
1.4664|52.70129
1.46612|52.70147
1.46577|52.70167
1.46576|52.70168
1.46519|52.70198
1.46508|52.70205
1.46489|52.70215
1.46469|52.70228
1.46459|52.70238
1.46455|52.70244
1.46454|52.70244
1.46389|52.7035
1.46379|52.70369
1.4637|52.70382
1.46357|52.70406
1.46352|52.70418
1.46351|52.70418
1.46337|52.70442
1.46276|52.70521
1.46262|52.70537
1.4626|52.70538
1.46216|52.70582
1.46214|52.70585
1.46212|52.7059
1.46212|52.70595
1.46217|52.70607
1.46222|52.70613
1.46245|52.7063
1.46263|52.70645
1.4629|52.7067
1.46301|52.70682
1.46306|52.7069
1.4631|52.70695
1.46355|52.70776
1.46354|52.70776
1.46192|52.70819
1.46112|52.70837
1.46049|52.70847
1.45991|52.70851
1.45896|52.7085
1.45788|52.70839
1.45702|52.70818
1.45686|52.70815
1.45654|52.70811
1.45631|52.70811
1.45625|52.70812
1.45619|52.70812
1.45567|52.70819
1.45566|52.7082
1.45534|52.70827
1.45417|52.70858
1.45332|52.70885
1.45293|52.70894
1.45272|52.70897
1.45254|52.70898
1.45223|52.70898
1.45198|52.70896
1.45087|52.70882
1.45024|52.70872
1.4499|52.70868
1.4488|52.70851
1.44878|52.70851
1.44751|52.70833
1.44749|52.70833
1.44611|52.70814
1.44606|52.70814
1.44537|52.70805
1.44535|52.70804
1.44442|52.70792
1.44397|52.70789
1.44358|52.70789
1.44109|52.708
1.4406|52.70805
1.44027|52.70813
1.43957|52.70836
1.43914|52.70847
1.43875|52.70854
1.43843|52.70862
1.4382|52.7087
1.43815|52.70871
1.43768|52.70894
1.43751|52.70904
1.43712|52.70924
1.43481|52.71024
1.43389|52.71068
1.43246|52.71126
1.43189|52.71146
1.43135|52.71168
1.43071|52.71191
1.4307|52.71191
1.43026|52.71203
1.43002|52.71208
1.42989|52.71209
1.4297|52.71212
1.42734|52.71231
1.42637|52.71232
1.42591|52.7123
1.42448|52.71218
1.42338|52.71216
1.42294|52.71212
1.42282|52.7121
1.42241|52.712
1.42092|52.7114
1.42076|52.71135
1.42046|52.71128
1.42022|52.71126
1.42002|52.71127
1.41985|52.7113
1.41948|52.71142
1.41785|52.71206
1.41783|52.71206
1.41657|52.71254
1.41656|52.71255
1.41549|52.71295
1.41498|52.7131
1.41467|52.71317
1.41419|52.7128
1.41354|52.71246
1.41342|52.71241
1.41241|52.71208
1.41184|52.71194
1.41135|52.71184
1.41087|52.71179
1.4108|52.71179
1.4106|52.71182
1.41044|52.71186
1.4098|52.71208
1.40963|52.71219
1.40948|52.71213
1.40938|52.71207
1.40914|52.71197
1.40887|52.71189
1.4082|52.71173
1.40815|52.71171
1.40788|52.71164
1.40781|52.71163
1.40761|52.71156
1.40756|52.71155
1.40576|52.71098
1.40516|52.71076
1.40488|52.71061
1.40462|52.71044
1.40459|52.71041
1.40423|52.71016
1.40303|52.70917
1.40249|52.70868
1.40217|52.7083
1.40186|52.70779
1.40166|52.70728
1.40158|52.70694
1.40153|52.70662
1.40136|52.70662
1.39982|52.70643
1.39978|52.70642
1.39949|52.70639
1.3994|52.70637
1.39938|52.70637
1.39935|52.70636
1.39932|52.70645
1.39932|52.70652
1.39917|52.70658
1.39903|52.70665
1.39881|52.70673
1.39869|52.7068
1.39868|52.7068
1.39857|52.70688
1.39851|52.70694
1.39857|52.70688
1.39868|52.7068
1.39869|52.7068
1.39881|52.70673
1.39903|52.70665
1.39917|52.70658
1.39932|52.70652
1.39932|52.70645
1.39935|52.70636
1.39934|52.70635
1.39934|52.70634
1.39891|52.70503
1.39876|52.70449
1.39855|52.7039
1.39854|52.70382
1.39865|52.70371
1.39882|52.70362
1.39924|52.70336
1.39932|52.7033
1.39988|52.70298
1.40019|52.70286
1.39897|52.70129
1.39877|52.70098
1.39896|52.70087
1.39904|52.70084
1.39944|52.70075
1.39979|52.70071
1.39987|52.70071
1.39992|52.7007
1.40008|52.70071
1.40033|52.70071
1.40052|52.70069
1.40056|52.70069
1.4006|52.70068
1.40063|52.70066
1.40066|52.70065
1.40071|52.70061
1.40076|52.70055
1.40079|52.7005
1.4008|52.70042
1.40087|52.69891
1.40088|52.69887
1.4009|52.69856
1.40098|52.69792
1.40099|52.69775
1.40106|52.69737
1.40122|52.69672
1.40131|52.69649
1.40157|52.69603
1.40165|52.69592
1.40175|52.69576
1.40193|52.69554
1.40209|52.69528
1.40213|52.69519
1.40211|52.69483
1.40208|52.69465
1.40208|52.69461
1.40201|52.69426
1.40201|52.69398
1.40202|52.6939
1.40202|52.69363
1.40198|52.69309
1.40198|52.6928
1.40199|52.69269
1.40208|52.69228
1.40208|52.69227
1.40212|52.69213
1.40213|52.69211
1.40215|52.69199
1.40228|52.69152
1.40236|52.69128
1.40253|52.6909
1.40271|52.69063
1.40298|52.69029
1.40318|52.68996
1.40325|52.68981
1.40329|52.6897
1.40329|52.68968
1.40337|52.68935
1.4034|52.68913
1.40344|52.68861
1.40344|52.68818
1.4034|52.68766
1.40342|52.68759
1.40398|52.68612
1.40419|52.68568
1.40493|52.68458
1.40537|52.68387
1.40565|52.68348
1.40581|52.68329
1.40596|52.68315
1.40602|52.68308
1.4061|52.68301
1.40641|52.6827
1.40656|52.68251
1.40676|52.68222
1.40696|52.68188
1.40762|52.68063
1.40786|52.68014
1.40825|52.67917
1.40841|52.67885
1.40857|52.67859
1.40868|52.67846
1.40933|52.67758
1.40948|52.6774
1.40952|52.67737
1.40955|52.67734
1.40966|52.67727
1.41|52.67716
1.4101|52.67711
1.41035|52.67721
1.41066|52.67728
1.41103|52.67731
1.41138|52.67737
1.41173|52.67748
1.41292|52.67799
1.41324|52.67815
1.41398|52.67848
1.41409|52.67854
1.41424|52.6786
1.41465|52.67872
1.41492|52.67883
1.41567|52.67919
1.4167|52.67975
1.41677|52.67978
1.41678|52.67979
1.41727|52.67999
1.41752|52.68007
1.41754|52.68008
1.4182|52.68029
1.41833|52.68034
1.41944|52.68069
1.41956|52.68072
1.41997|52.68086
1.42027|52.68099
1.42044|52.68108
1.4205|52.6811
1.42072|52.68122
1.42095|52.68133
1.42124|52.68145
1.42186|52.68179
1.42227|52.68205
1.42232|52.68209
1.42286|52.68244
1.42288|52.68244
1.42301|52.68251
1.42312|52.68255
1.42318|52.68258
1.42335|52.68262
1.42339|52.68262
1.42351|52.68265
1.42368|52.68266
1.42374|52.68267
1.42485|52.68275
1.42493|52.68275
1.42589|52.68284
1.42598|52.68286
1.42604|52.68286
1.42614|52.68287
1.42624|52.68289
1.42633|52.68289
1.4265|52.68292
1.42664|52.68297
1.42825|52.68305
1.429|52.68304
1.42996|52.68297
1.43019|52.68293
1.43053|52.68284
1.43134|52.6825
1.43186|52.68232
1.43186|52.68231
1.43203|52.68227
1.43218|52.68222
1.43274|52.6821
1.43358|52.682
1.43495|52.68176
1.43541|52.6817
1.43648|52.68166
1.43697|52.68169
1.43709|52.68171
1.4376|52.68175
1.43869|52.68177
1.43879|52.68178
1.43928|52.68179
1.43956|52.68182
1.44015|52.68198
1.44028|52.68204
1.44043|52.68209
1.44158|52.68255
1.44171|52.68259
1.44173|52.6826
1.44261|52.68282
1.44296|52.68289
1.44319|52.68296
1.44349|52.68308
1.44362|52.68316
1.44383|52.68324
1.44461|52.68348
1.4449|52.68361
1.44542|52.68381
1.44588|52.68401
1.44606|52.68407
1.44659|52.68417
1.44688|52.6842
1.44717|52.68425
1.44748|52.68435
1.44795|52.68435
1.44807|52.68434
1.44823|52.68431
1.44826|52.68431
1.44901|52.68414
1.44954|52.68406
1.45001|52.68396
1.45035|52.68393
1.45073|52.68393
1.45092|52.68394
1.45214|52.68409
1.45329|52.68426
1.45476|52.68443
1.45493|52.68448
1.455|52.68452
1.45504|52.68457
1.45508|52.68464
1.45533|52.68539
1.45533|52.68541
1.45545|52.68572
1.45658|52.68562
1.45662|52.68561
1.45889|52.68539
1.45897|52.68536
1.45907|52.6853
1.45913|52.68523
1.45922|52.68508
1.45939|52.68472
1.4594|52.68471
1.4595|52.6845
1.45967|52.6842
1.45967|52.68419
1.45975|52.68403
1.45975|52.68402
1.45991|52.68381
1.45994|52.68378
1.46005|52.68372
1.46009|52.68369
1.46019|52.68366
1.46031|52.68365
1.46035|52.68364
1.46044|52.68364
1.46097|52.68353
1.461|52.68351
1.46104|52.68343
1.46105|52.68335
1.46109|52.68071
1.46108|52.68062
1.46111|52.68057
1.46112|52.68057
1.46115|52.68054
1.46124|52.6805
1.46277|52.68026
1.46283|52.68026
1.46299|52.68023
1.46336|52.68022
1.46406|52.68025
1.46415|52.68024
1.46426|52.68025
1.46438|52.68024
1.46502|52.68028
1.4656|52.68028
1.46813|52.68045
1.46829|52.68047
1.46832|52.68047
1.4684|52.68049
1.46867|52.68058
1.46925|52.68082
1.46983|52.68097
1.47035|52.68107
1.47057|52.68109
1.47071|52.68109
1.4708|52.6811
1.47495|52.68097
1.47562|52.68097
1.4764|52.68103
1.47716|52.68104
1.47751|52.68102
1.47835|52.68093
1.47925|52.68079
1.47983|52.68065
1.48026|52.68049
1.48068|52.6803
1.48119|52.68
1.48119|52.67999
1.48153|52.67981
1.48239|52.67946
1.48263|52.67939
1.48276|52.67934
1.48287|52.67931
1.48294|52.6793
1.48338|52.67919
1.48356|52.67919
1.48367|52.67918
1.48382|52.67915
1.48384|52.67915
1.4859|52.67856
1.48597|52.67855
1.48691|52.67833
1.48752|52.67815
1.4882|52.67787
1.48852|52.67776
1.48854|52.67776
1.48907|52.67763
1.48903|52.67728
1.48896|52.67688
1.48894|52.67667
1.48893|52.67641
1.48899|52.67485
1.48904|52.6745
1.48904|52.67437
1.48903|52.67425
1.48899|52.67415
1.48897|52.67408
1.48894|52.67401
1.48837|52.67302
1.48794|52.67232
1.48787|52.67218
1.48787|52.67217
1.48786|52.67215
1.48786|52.67213
1.48789|52.67207
1.48791|52.67204
1.48821|52.67184
1.48825|52.67182
1.48834|52.67175
1.48837|52.67172
1.4884|52.67168
1.48845|52.67157
1.48827|52.67132
1.48826|52.67129
1.48826|52.67127
1.48825|52.67124
1.48825|52.67123
1.48826|52.67119
1.48828|52.67117
1.4883|52.67114
1.48833|52.67111
1.48836|52.67107
1.4884|52.67104
1.48845|52.67099
1.48877|52.67079
1.4903|52.6701
1.49066|52.66989
1.49078|52.6698
1.49136|52.66918
1.49163|52.66892
1.49165|52.66891
1.49198|52.66864
1.49384|52.66741
1.49389|52.66737
1.49413|52.66713
1.49437|52.66681
1.49443|52.66669
1.49449|52.66654
1.49452|52.66642
1.49452|52.66623
1.49451|52.66611
1.4944|52.66566
1.4944|52.66551
1.49441|52.66539
1.49451|52.66518
1.49488|52.66454
1.49331|52.66412
1.49272|52.66393
1.4924|52.66386
1.49232|52.66386
1.49224|52.66387
1.49154|52.66356
1.49138|52.66346
1.49123|52.66334
1.49121|52.66333
1.49027|52.66258
1.48961|52.66201
1.48921|52.66155
1.48918|52.6615
1.489|52.66104
1.48894|52.66076
1.48994|52.6603
1.49008|52.66021
1.49043|52.65987
1.49046|52.65983
1.49049|52.65975
1.4905|52.65969
1.4905|52.65963
1.49036|52.65949
1.48984|52.65971
1.48939|52.65985
1.48935|52.65987
1.48833|52.66018
1.48831|52.66016
1.48828|52.66014
1.48824|52.66008
1.48821|52.66002
1.48791|52.65869
1.48788|52.6583
1.48782|52.65802
1.48762|52.6575
1.48754|52.65735
1.48703|52.65652
1.48703|52.65651
1.48645|52.65566
1.48634|52.65548
1.48628|52.65534
1.48628|52.65533
1.48614|52.65488
1.48591|52.65383
1.48567|52.65383
1.485|52.65388
1.48317|52.65413
1.48257|52.65424
1.48233|52.65425
1.48222|52.65423
1.48216|52.65421
1.48176|52.65397
1.48084|52.6535
1.48056|52.65334
1.48004|52.65299
1.47947|52.65264
1.47859|52.65194
1.47857|52.65192
1.47767|52.65121
1.47696|52.65061
1.47767|52.65121
1.47857|52.65192
1.47859|52.65194
1.47947|52.65264
1.48004|52.65299
1.48056|52.65334
1.48084|52.6535
1.48176|52.65397
1.48216|52.65421
1.48222|52.65423
1.48233|52.65425
1.48257|52.65424
1.48317|52.65413
1.485|52.65388
1.48567|52.65383
1.48591|52.65383
1.48614|52.65488
1.48628|52.65533
1.48628|52.65534
1.48634|52.65548
1.48645|52.65566
1.48703|52.65651
1.48703|52.65652
1.48754|52.65735
1.48762|52.6575
1.48782|52.65802
1.48788|52.6583
1.48791|52.65869
1.48821|52.66002
1.48824|52.66008
1.48828|52.66014
1.48831|52.66016
1.48833|52.66018
1.48822|52.66024
1.48836|52.66038
1.48894|52.66076
1.489|52.66104
1.48918|52.6615
1.48921|52.66155
1.48961|52.66201
1.49027|52.66258
1.49121|52.66333
1.49123|52.66334
1.49138|52.66346
1.49154|52.66356
1.49224|52.66387
1.49232|52.66386
1.4924|52.66386
1.49272|52.66393
1.49331|52.66412
1.49488|52.66454
1.49512|52.66459
1.49746|52.6652
1.49779|52.66527
1.49798|52.66527
1.49812|52.66526
1.49819|52.66524
1.49835|52.66521
1.49967|52.6648
1.50049|52.66459
1.50075|52.66447
1.50286|52.66334
1.5033|52.66315
1.50375|52.66298
1.50434|52.66282
1.50849|52.66218
1.51179|52.66127
1.51203|52.66117
1.51204|52.66117
1.51235|52.66102
1.51255|52.66091
1.51266|52.66083
1.51289|52.66069
1.51308|52.66054
1.51352|52.66014
1.51412|52.65966
1.5145|52.65943
1.51483|52.65927
1.51538|52.65903
1.51575|52.65885
1.5159|52.65871
1.51593|52.65865
1.51588|52.65782
1.51578|52.65726
1.5157|52.65698
1.5155|52.65642
1.5155|52.65627
1.52271|52.6531
1.52274|52.65308
1.52423|52.65232
1.52538|52.65177
1.52964|52.64905
1.52982|52.64896
1.52996|52.64891
1.53015|52.64886
1.5303|52.64881
1.5329|52.64819
1.53476|52.64771
1.53498|52.64764
1.53505|52.6476
1.53532|52.64735
1.53644|52.64624
1.53774|52.64537
1.53819|52.64636
1.53827|52.64656
1.53837|52.64675
1.53841|52.64677
1.53856|52.64681
1.53874|52.64688
1.53878|52.64692
1.53882|52.64697
1.53943|52.64801
1.5396|52.64826
1.54003|52.64884
1.5401|52.64891
1.54014|52.64894
1.54014|52.64895
1.54024|52.64897
1.54041|52.64897
1.54043|52.64896
1.54327|52.64822
1.54331|52.64822
1.54336|52.64821
1.54342|52.64821
1.54356|52.64824
1.54721|52.65112
1.54729|52.65116
1.54744|52.65121
1.54757|52.65123
1.54764|52.65123
1.54836|52.65131
1.54841|52.65132
1.5485|52.65141
1.54862|52.65149
1.54905|52.65172
1.54862|52.65149
1.5485|52.65141
1.54841|52.65132
1.54836|52.65131
1.54764|52.65123
1.54757|52.65123
1.54744|52.65121
1.54729|52.65116
1.54721|52.65112
1.54356|52.64824
1.54342|52.64821
1.54336|52.64821
1.54331|52.64822
1.54327|52.64822
1.54043|52.64896
1.54041|52.64897
1.54024|52.64897
1.54014|52.64895
1.54014|52.64894
1.5401|52.64891
1.54003|52.64884
1.5396|52.64826
1.53943|52.64801
1.53882|52.64697
1.53878|52.64692
1.53874|52.64688
1.53856|52.64681
1.53841|52.64677
1.53837|52.64675
1.53827|52.64656
1.53819|52.64636
1.53774|52.64537
1.53913|52.64443
1.53915|52.64441
1.54004|52.6438
1.54006|52.64379
1.54048|52.6435
1.54073|52.64329
1.54118|52.64273
1.54134|52.64258
1.54164|52.64239
1.54228|52.64195
1.54242|52.64188
1.54255|52.6418
1.54263|52.64176
1.54311|52.64159
1.54379|52.64138
1.54439|52.64117
1.54473|52.64103
1.54474|52.64102
1.54494|52.64092
1.54522|52.6408
1.54528|52.64078
1.54556|52.64073
1.54695|52.64075
1.54701|52.64069
1.54708|52.6406
1.54708|52.64058
1.54715|52.64039
1.54727|52.64019
1.54746|52.63997
1.54761|52.63982
1.5477|52.63976
1.54781|52.63965
1.54818|52.63959
1.54831|52.63955
1.54821|52.63948
1.54815|52.63943
1.54808|52.63936
1.54807|52.63928
1.54809|52.63922
1.54815|52.63914
1.54821|52.63908
1.54815|52.63899
1.54811|52.63895
1.54811|52.63886
1.54818|52.63831
1.5482|52.63766
1.54818|52.63831
1.54811|52.63886
1.54811|52.63895
1.54806|52.639
1.54815|52.63914
1.54809|52.63922
1.54807|52.63928
1.54808|52.63936
1.54815|52.63943
1.54821|52.63948
1.54846|52.63965
1.54857|52.6397
1.54863|52.63971
1.54869|52.63973
1.54886|52.63975
1.54929|52.63985
1.54979|52.64001
1.55024|52.64005
1.55061|52.64012
1.55074|52.64016
1.55081|52.64019
1.55095|52.64028
1.55181|52.6403
1.55233|52.64028
1.5534|52.64028
1.55457|52.64031
1.55501|52.64034
1.55588|52.64047
1.55613|52.64047
1.55625|52.64042
1.55643|52.64042
1.55655|52.6404
1.55668|52.64036
1.55683|52.6405
1.5571|52.64068
1.55733|52.6408
1.55737|52.64083
1.55848|52.64141
1.55849|52.64142
1.55906|52.64173
1.55964|52.6421
1.5601|52.64247
1.5616|52.64349
1.56161|52.6435
1.56178|52.64362
1.56202|52.64383
1.56338|52.6452
1.56423|52.64593
1.56515|52.64665
1.56659|52.64788
1.56691|52.64819
1.5675|52.64882
1.56779|52.6491
1.56783|52.64913
1.56795|52.64926
1.56834|52.64964
1.56888|52.65007
1.56934|52.65035
1.56941|52.65038
1.56964|52.6505
1.57145|52.65129
1.57168|52.65117
1.57729|52.64878
1.57817|52.64844
1.58297|52.64689
1.58328|52.64677
1.58427|52.64631
1.5846|52.64613
1.58481|52.64597
1.5849|52.64587
1.58498|52.64576
1.58621|52.64369
1.58636|52.64336
1.58653|52.6429
1.58698|52.64188
1.587|52.64185
1.58707|52.64153
1.5871|52.64121
1.58716|52.64101
1.58721|52.64091
1.58744|52.64056
1.58808|52.63985
1.58825|52.6397
1.58827|52.63969
1.5885|52.63951
1.58867|52.6394
1.5891|52.6392
1.58946|52.63906
1.59|52.63892
1.59014|52.6389
1.59074|52.63888
1.59079|52.63887
1.59133|52.63885
1.59214|52.63875
1.5927|52.63872
1.59324|52.63873
1.59361|52.63869
1.59382|52.63865
1.59399|52.6386
1.59419|52.63852
1.59447|52.63834
1.59465|52.6382
1.59491|52.63796
1.59502|52.63782
1.5952|52.63756
1.59535|52.63721
1.5954|52.637
1.59549|52.6368
1.59553|52.63674
1.59559|52.63667
1.59574|52.63654
1.59584|52.63647
1.59602|52.63638
1.59622|52.63633
1.59645|52.6363
1.59683|52.63628
1.59791|52.63631
1.59799|52.6363
1.59808|52.6363
1.59898|52.63621
1.60009|52.63613
1.60029|52.6361
1.60097|52.63595
1.60139|52.63589
1.60187|52.63588
1.60275|52.63594
1.60307|52.63594
1.60321|52.63593
1.60377|52.63581
1.60397|52.63578
1.60422|52.63578
1.60434|52.63579
1.60483|52.63592
1.60506|52.63596
1.60575|52.63594
1.6077|52.63576
1.60826|52.63573
1.60958|52.63581
1.60961|52.63582
1.61043|52.63585
1.61115|52.63582
1.61159|52.63578
1.61205|52.63577
1.61342|52.63588
1.61205|52.63577
1.61159|52.63578
1.61115|52.63582
1.61043|52.63585
1.60961|52.63582
1.60958|52.63581
1.60826|52.63573
1.6077|52.63576
1.60575|52.63594
1.60506|52.63596
1.60483|52.63592
1.60434|52.63579
1.60422|52.63578
1.60397|52.63578
1.60377|52.63581
1.60321|52.63593
1.60307|52.63594
1.60275|52.63594
1.60187|52.63588
1.60139|52.63589
1.60097|52.63595
1.60029|52.6361
1.60009|52.63613
1.59898|52.63621
1.59808|52.6363
1.59799|52.6363
1.59791|52.63631
1.59683|52.63628
1.59645|52.6363
1.59622|52.63633
1.59602|52.63638
1.59584|52.63647
1.59574|52.63654
1.59559|52.63667
1.59553|52.63674
1.59549|52.6368
1.59553|52.63674
1.59559|52.63667
1.59574|52.63654
1.59584|52.63647
1.59602|52.63638
1.59622|52.63633
1.59645|52.6363
1.59683|52.63628
1.59791|52.63631
1.59799|52.6363
1.59808|52.6363
1.59898|52.63621
1.60009|52.63613
1.60029|52.6361
1.60097|52.63595
1.60139|52.63589
1.60187|52.63588
1.60275|52.63594
1.60307|52.63594
1.60321|52.63593
1.60377|52.63581
1.60397|52.63578
1.60422|52.63578
1.60434|52.63579
1.60483|52.63592
1.60506|52.63596
1.60575|52.63594
1.6077|52.63576
1.60826|52.63573
1.60958|52.63581
1.60961|52.63582
1.61043|52.63585
1.61115|52.63582
1.61159|52.63578
1.61205|52.63577
1.6138|52.63592
1.61503|52.6361
1.616|52.63635
1.61892|52.63699
1.62029|52.63733
1.62056|52.63742
1.62111|52.63763
1.62146|52.63779
1.62238|52.63816
1.62276|52.63828
1.62314|52.63838
1.62515|52.63874
1.62604|52.63895
1.62693|52.63909
1.62791|52.63928
1.62824|52.63936
1.62951|52.63974
1.62969|52.63978
1.63153|52.63992
1.63206|52.63998
1.63388|52.64037
1.63523|52.64059
1.63634|52.64073
1.63639|52.64073
1.63801|52.64097
1.63865|52.64109
1.63878|52.64114
1.63891|52.64122
1.63897|52.64125
1.63909|52.64141
1.63919|52.64151
1.63928|52.64157
1.6394|52.64162
1.63962|52.64169
1.64|52.64175
1.64125|52.64177
1.64236|52.6419
1.64237|52.64194
1.64239|52.64196
1.64249|52.6421
1.64251|52.64214
1.64252|52.64217
1.64252|52.64221
1.64242|52.64274
1.6424|52.64292
1.64234|52.64326
1.64224|52.64364
1.64213|52.64398
1.64213|52.64399
1.64207|52.64417
1.64201|52.64431
1.6415|52.645
1.64108|52.64553
1.64048|52.64634
1.63973|52.64745
1.63952|52.64772
1.63915|52.64814
1.63857|52.64874
1.63824|52.64911
1.63814|52.64926
1.63811|52.64934
1.6381|52.64934
1.63809|52.6494
1.63809|52.64947
1.63812|52.64958
1.63819|52.64975
1.63823|52.64987
1.63825|52.65008
1.63816|52.65026
1.6381|52.65029
1.638|52.65037
1.63797|52.6504
1.63768|52.65057
1.63741|52.6507
1.63648|52.65107
1.63608|52.6513
1.63601|52.6515
1.63599|52.6516
1.63598|52.65169
1.63599|52.65297
1.63601|52.65331
1.63604|52.65344
1.63608|52.65352
1.63617|52.65364
1.63625|52.65372
1.63643|52.65386
1.63687|52.65412
1.63643|52.65386
1.63625|52.65372
1.63617|52.65364
1.63608|52.65352
1.63604|52.65344
1.63601|52.65331
1.63599|52.65297
1.63598|52.65169
1.63599|52.6516
1.63601|52.6515
1.63608|52.6513
1.63648|52.65107
1.63741|52.6507
1.63768|52.65057
1.63797|52.6504
1.638|52.65037
1.6381|52.65029
1.63816|52.65026
1.63843|52.65019
1.64013|52.65004
1.64073|52.64997
1.64295|52.64997
1.64336|52.65001
1.64419|52.65015
1.64446|52.65017
1.64669|52.65021
1.64676|52.65022
1.64683|52.65024
1.64689|52.65027
1.64695|52.65031
1.64706|52.65057
1.64709|52.6506
1.64719|52.65065
1.64927|52.65103
1.65072|52.65137
1.65127|52.65147
1.65181|52.65152
1.65786|52.65241
1.65819|52.65247
1.6586|52.65251
1.65885|52.65252
1.66093|52.65249
1.66224|52.65243
1.66228|52.65242
1.66316|52.65234
1.66346|52.65248
1.66359|52.65257
1.66373|52.65271
1.66399|52.65311
1.66514|52.65535
1.66611|52.65692
1.66622|52.65708
1.66632|52.65725
1.66734|52.6584
1.66889|52.65967
1.66913|52.65989
1.66926|52.66006
1.67145|52.65975
1.67149|52.65975
1.67206|52.65965
1.67639|52.65903
1.6789|52.65881
1.68027|52.65858
1.68704|52.65716
1.68839|52.65692
1.69621|52.65569
1.69869|52.65541
1.69884|52.65538
1.69912|52.65538
1.69946|52.65536
1.69952|52.65541
1.69958|52.65545
1.69961|52.65545
1.69966|52.65547
1.69985|52.65547
1.69995|52.65545
1.70001|52.65543
1.70008|52.65539
1.70015|52.65533
1.70015|52.65532
1.70046|52.65523
1.70425|52.65439
1.70668|52.65371
1.70737|52.65347
1.70783|52.65326
1.70816|52.65308
1.70852|52.65286
1.70906|52.65247
1.70929|52.65227
1.71064|52.65123
1.71117|52.65091
1.71169|52.65066
1.71187|52.65059
1.71246|52.65041
1.71307|52.65025
1.71349|52.65017
1.71355|52.6502
1.71358|52.65022
1.71377|52.65023
1.71382|52.65021
1.71386|52.6502
1.71393|52.65016
1.71397|52.65012
1.71399|52.65009
1.71458|52.64995
1.71474|52.64988
1.71501|52.64984
1.71909|52.64963
1.72091|52.64942
1.72171|52.64935
1.72314|52.6493
1.72355|52.64927
1.72448|52.64913
1.7246|52.6491
1.72498|52.64898
1.72502|52.64896
1.72599|52.64831
1.72646|52.64805
1.72651|52.64806
1.72655|52.64806
1.72658|52.64805
1.7266|52.64803
1.72661|52.648
1.72671|52.64798
1.7277|52.64764
1.72773|52.64766
1.7278|52.64766
1.72783|52.64765
1.72784|52.64763
1.72784|52.6476
1.72783|52.64759
1.72782|52.64759
1.72781|52.64758
1.72778|52.64756
1.72825|52.64718
1.72851|52.64683
1.72862|52.64666
1.72874|52.64643
1.72902|52.64578
1.72905|52.64579
1.72907|52.64579
1.72909|52.64578
1.72911|52.64578
1.72913|52.64576
1.72913|52.64572
1.72911|52.6457
1.72909|52.6457
1.72907|52.64569
1.72912|52.64546
1.72916|52.64471
1.72914|52.64405
1.72898|52.6418
1.72897|52.64174
1.72885|52.64025
1.72879|52.63989
1.72878|52.63977
1.72881|52.63972
1.72881|52.63968
1.7288|52.63963
1.72875|52.63952
1.72861|52.6393
1.72831|52.6389
1.72831|52.63887
1.72829|52.63883
1.72826|52.6388
1.72824|52.63879
1.72819|52.63878
1.72835|52.63848
1.72844|52.63824
1.72853|52.63794
1.72857|52.63756
1.72858|52.63753
1.72824|52.63351
1.72814|52.63188
1.72805|52.63106
1.72799|52.62981
1.72769|52.6256
1.7276|52.62338
1.7276|52.62309
1.72766|52.62152
1.72766|52.62117
1.72767|52.62101
1.72764|52.62079
1.7276|52.62066
1.72749|52.62042
1.72743|52.62033
1.72716|52.62002
1.72691|52.61978
1.72575|52.61892
1.72505|52.61837
1.725|52.61831
1.72495|52.61823
1.72485|52.61789
1.72478|52.61758
1.72461|52.61711
1.72413|52.61612
1.72399|52.6157
1.72389|52.61522
1.72389|52.61468
1.72396|52.61372
1.72404|52.61344
1.72419|52.61313
1.72419|52.61292
1.72416|52.61281
1.72393|52.61226
1.72393|52.61217
1.72392|52.61212
1.72387|52.61204
1.72395|52.61199
1.72399|52.61189
1.724|52.61182
1.72397|52.61175
1.72394|52.61171
1.72381|52.61163
1.72367|52.61162
1.7236|52.61163
1.72356|52.61163
1.72339|52.6117
1.72327|52.61155
1.72327|52.61156
1.72315|52.61182
1.72314|52.61183
1.72313|52.61185
1.72312|52.61185
1.72311|52.61186
1.72308|52.61186
1.72308|52.61187
1.72307|52.61187
1.72307|52.61188
1.72306|52.61188
1.723|52.61193
1.723|52.61194