0.65128|52.50905
0.65122|52.50879
0.65123|52.50879
0.65186|52.50867
0.65193|52.50887
0.65195|52.5089
0.65198|52.50891
0.65202|52.50894
0.65207|52.50895
0.65215|52.50889
0.6522|52.50887
0.65226|52.50887
0.65231|52.50886
0.65284|52.50893
0.65288|52.50893
0.65351|52.50885
0.65362|52.50885
0.65376|52.50887
0.65382|52.5089
0.65387|52.50894
0.65437|52.50944
0.65458|52.50937
0.65473|52.50934
0.65483|52.50931
0.65507|52.50929
0.65541|52.50928
0.65586|52.50931
0.65587|52.50932
0.65588|52.50932
0.6559|52.50934
0.65591|52.50934
0.65592|52.50935
0.65594|52.50935
0.6562|52.50962
0.6563|52.50981
0.65642|52.51
0.65657|52.51021
0.65681|52.51046
0.65699|52.5106
0.65712|52.51068
0.65729|52.51077
0.65855|52.51133
0.65866|52.51139
0.65871|52.51141
0.65887|52.51152
0.659|52.51163
0.65906|52.5117
0.65908|52.51171
0.65922|52.5119
0.65932|52.51208
0.65935|52.5122
0.65935|52.51221
0.65938|52.51234
0.65939|52.51243
0.65952|52.51312
0.65957|52.51331
0.65962|52.51345
0.65965|52.51349
0.65976|52.51367
0.66005|52.51394
0.66039|52.51416
0.66065|52.51437
0.66088|52.5146
0.66107|52.51484
0.66119|52.51502
0.66253|52.51751
0.66295|52.51834
0.66325|52.51905
0.66337|52.5193
0.66303|52.51943
0.66275|52.51963
0.66224|52.51988
0.66176|52.52009
0.66163|52.52016
0.66149|52.52026
0.66084|52.52097
0.66068|52.52112
0.66042|52.52133
0.66018|52.52155
0.65995|52.52179
0.65978|52.52201
0.65955|52.52235
0.65944|52.52275
0.65943|52.5229
0.65938|52.52324
0.65933|52.52337
0.65926|52.52349
0.65923|52.52352
0.65917|52.52361
0.65911|52.52374
0.65909|52.52386
0.65909|52.52398
0.65912|52.52412
0.65918|52.52424
0.6594|52.52478
0.65942|52.5249
0.65942|52.52499
0.65941|52.52509
0.65939|52.52517
0.65936|52.52523
0.65929|52.5253
0.65927|52.52535
0.65882|52.52614
0.65881|52.52615
0.65843|52.52668
0.65823|52.52687
0.6533|52.53112
0.65308|52.53129
0.64909|52.53471
0.64902|52.53476
0.64734|52.53621
0.64731|52.53623
0.64511|52.53811
0.64509|52.53814
0.64496|52.53825
0.64479|52.53842
0.64474|52.53851
0.64471|52.53859
0.64398|52.53844
0.64375|52.53842
0.64366|52.53842
0.64326|52.53846
0.63912|52.53909
0.63578|52.53955
0.63521|52.53965
0.63521|52.53966
0.63475|52.5397
0.63318|52.5399
0.63315|52.5399
0.63261|52.53998
0.63228|52.54001
0.63216|52.54
0.63198|52.53997
0.6315|52.53971
0.63143|52.53969
0.63136|52.53968
0.63129|52.53968
0.63118|52.5397
0.63031|52.53996
0.62885|52.54032
0.6273|52.54074
0.62648|52.54102
0.62603|52.54119
0.62578|52.54133
0.62572|52.54137
0.62567|52.54146
0.62566|52.54149
0.62562|52.54155
0.62569|52.54173
0.62588|52.54235
0.62589|52.54237
0.62601|52.54291
0.62613|52.54362
0.62614|52.54375
0.62615|52.5438
0.62621|52.54443
0.6262|52.54452
0.6262|52.54457
0.62619|52.54462
0.62616|52.54468
0.62603|52.54486
0.62603|52.54491
0.62606|52.54497
0.6261|52.54502
0.62628|52.54512
0.62674|52.54532
0.62739|52.54564
0.62814|52.54607
0.62886|52.54652
0.62934|52.54685
0.62946|52.54692
0.62947|52.54692
0.62958|52.54696
0.62992|52.54702
0.6305|52.54706
0.63061|52.54708
0.63081|52.54721
0.6309|52.54728
0.63096|52.54739
0.63102|52.54759
0.63196|52.55165
0.63205|52.55197
0.63102|52.55273
0.63075|52.55296
0.63118|52.55297
0.63152|52.55295
0.63204|52.55295
0.63224|52.55296
0.63442|52.55295
0.63461|52.55294
0.64043|52.55289
0.64057|52.55288
0.64884|52.55278
0.65413|52.55254
0.65419|52.55253
0.6553|52.55247
0.65543|52.55247
0.65641|52.5524
0.65648|52.55239
0.65968|52.55216
0.66029|52.55209
0.66049|52.55208
0.66232|52.55182
0.66239|52.55182
0.66347|52.55167
0.66349|52.55167
0.66487|52.55147
0.66521|52.55146
0.6655|52.55147
0.66874|52.55207
0.66902|52.5521
0.66938|52.55217
0.67074|52.55238
0.67141|52.55246
0.67178|52.55248
0.67203|52.55248
0.67222|52.55246
0.67291|52.55246
0.67309|52.5525
0.67318|52.55251
0.67351|52.55259
0.6748|52.55299
0.67719|52.5539
0.6772|52.5539
0.67796|52.55418
0.67823|52.55426
0.67905|52.55445
0.67917|52.55445
0.67936|52.55442
0.6796|52.55429
0.6799|52.55419
0.68171|52.55388
0.68368|52.55363
0.68428|52.55357
0.68557|52.55349
0.68583|52.55349
0.68601|52.5535
0.68665|52.5536
0.68717|52.55371
0.6873|52.55373
0.69242|52.55499
0.69285|52.55516
0.69286|52.55517
0.69401|52.55585
0.69405|52.55588
0.69454|52.55617
0.69479|52.55629
0.69494|52.55635
0.69457|52.55646
0.69448|52.55648
0.69292|52.55693
0.69288|52.55695
0.69275|52.55699
0.69257|52.55708
0.69252|52.55712
0.69248|52.55716
0.69244|52.55721
0.69171|52.5586
0.69159|52.5589
0.69158|52.55891
0.69146|52.55925
0.69136|52.5596
0.69124|52.55989
0.69119|52.55998
0.69112|52.56005
0.69104|52.56011
0.69095|52.56019
0.68708|52.56316
0.68687|52.56329
0.68647|52.56358
0.68601|52.56394
0.68586|52.56403
0.68615|52.56469
0.68638|52.56516
0.68686|52.56593
0.68741|52.56687
0.68769|52.5673
0.68777|52.56747
0.68819|52.56851
0.68834|52.56884
0.6884|52.56895
0.68857|52.56932
0.68873|52.56962
0.68874|52.56963
0.68879|52.56972
0.68884|52.56978
0.68897|52.56991
0.68901|52.56994
0.68905|52.56998
0.68911|52.57001
0.68916|52.57005
0.68947|52.57018
0.68983|52.57029
0.69284|52.57108
0.69293|52.57111
0.6951|52.57164
0.69565|52.57179
0.69593|52.57189
0.69612|52.57198
0.69619|52.57202
0.6964|52.57218
0.69645|52.57223
0.6965|52.5723
0.69653|52.57233
0.69659|52.57242
0.6967|52.57265
0.69689|52.57316
0.69698|52.57335
0.69717|52.57363
0.6974|52.57389
0.69762|52.5741
0.69776|52.5742
0.69999|52.57556
0.70073|52.57594
0.70147|52.57629
0.70237|52.57667
0.70249|52.57668
0.70252|52.57669
0.70259|52.5767
0.70651|52.57785
0.7073|52.57806
0.70833|52.57829
0.70883|52.57842
0.70894|52.57847
0.709|52.57849
0.7092|52.5786
0.7097|52.57894
0.71739|52.58389
0.71748|52.58396
0.71805|52.58433
0.71839|52.58425
0.72028|52.58371
0.72155|52.58339
0.72192|52.58327
0.72304|52.58296
0.72316|52.58294
0.72338|52.58288
0.72344|52.58287
0.72354|52.58284
0.72364|52.5828
0.72372|52.58276
0.72389|52.58263
0.72402|52.5825
0.72421|52.58228
0.72449|52.58199
0.72457|52.58192
0.72464|52.58187
0.72469|52.58182
0.72507|52.58158
0.72567|52.58126
0.7257|52.58124
0.7273|52.58045
0.72747|52.58055
0.72769|52.58071
0.72769|52.58072
0.72786|52.58085
0.72827|52.58121
0.72847|52.58134
0.72862|52.58142
0.72914|52.58165
0.72943|52.58175
0.72955|52.58178
0.73075|52.582
0.73123|52.58213
0.73142|52.58217
0.73159|52.58226
0.73236|52.58282
0.7335|52.58345
0.73442|52.58393
0.73463|52.58402
0.73492|52.58412
0.73644|52.58457
0.73806|52.58509
0.74102|52.58597
0.75294|52.58972
0.75318|52.58981
0.75309|52.58995
0.75303|52.59003
0.75303|52.59004
0.75243|52.59085
0.7521|52.59133
0.75186|52.59175
0.75178|52.59194
0.75169|52.59227
0.75169|52.59232
0.75159|52.59278
0.75159|52.59281
0.75153|52.59303
0.75152|52.59309
0.75143|52.59338
0.7513|52.59396
0.75129|52.59414
0.7513|52.59428
0.75141|52.59452
0.75198|52.59524
0.75206|52.59544
0.7521|52.59568
0.7521|52.59576
0.75209|52.59586
0.75207|52.59595
0.75204|52.59602
0.75197|52.59615
0.75186|52.59632
0.75161|52.59664
0.75158|52.59669
0.75136|52.59697
0.75124|52.59714
0.75111|52.5973
0.75093|52.59759
0.75043|52.59856
0.75006|52.59936
0.75004|52.59942
0.74977|52.60004
0.74957|52.60058
0.74918|52.60176
0.74889|52.60251
0.74889|52.60252
0.74875|52.60292
0.74872|52.60305
0.74859|52.60386
0.74857|52.60394
0.74857|52.60397
0.74853|52.60406
0.74851|52.60412
0.74848|52.60418
0.74825|52.60442
0.74818|52.60448
0.74813|52.60454
0.74808|52.60475
0.74798|52.60494
0.74739|52.60652
0.74727|52.60688
0.74723|52.60707
0.74709|52.60867
0.74709|52.60882
0.74713|52.60908
0.74725|52.60949
0.74727|52.60953
0.74762|52.61049
0.74771|52.61069
0.74795|52.61113
0.7481|52.61148
0.74815|52.61182
0.7482|52.61196
0.74823|52.612
0.74826|52.61203
0.74838|52.61212
0.7486|52.61225
0.74861|52.61225
0.7508|52.61344
0.75112|52.61364
0.75161|52.61412
0.75218|52.61464
0.75264|52.61509
0.75337|52.61553
0.75384|52.61579
0.75406|52.61596
0.75447|52.61642
0.7547|52.61664
0.75497|52.61682
0.75541|52.61704
0.75542|52.61704
0.75608|52.6174
0.75734|52.61827
0.75889|52.6194
0.7591|52.61952
0.75945|52.61982
0.76064|52.62117
0.76082|52.62141
0.76102|52.62171
0.76103|52.62173
0.76114|52.62187
0.76072|52.62202
0.7593|52.62259
0.75904|52.62268
0.75803|52.62329
0.7577|52.62353
0.7575|52.62371
0.7573|52.62392
0.75641|52.62528
0.75597|52.62588
0.75576|52.62614
0.75554|52.62644
0.7548|52.62701
0.75473|52.62705
0.75456|52.62717
0.75391|52.62756
0.75342|52.62779
0.75232|52.62709
0.75204|52.627
0.75179|52.62694
0.75174|52.62692
0.75148|52.62689
0.75119|52.62688
0.75091|52.6269
0.75064|52.62695
0.75023|52.62705
0.74926|52.62741
0.74922|52.62743
0.74661|52.62823
0.74607|52.62837
0.74346|52.62915
0.74194|52.62946
0.74173|52.62955
0.74139|52.62976
0.74111|52.63
0.74081|52.63037
0.73979|52.63183
0.73961|52.63189
0.73793|52.6322
0.73791|52.6322
0.73702|52.63236
0.73648|52.63243
0.73449|52.63256
0.73359|52.63259
0.73353|52.6326
0.73281|52.63265
0.73109|52.63284
0.73018|52.63305
0.72933|52.63329
0.72852|52.63355
0.72744|52.63395
0.72727|52.634
0.72521|52.63472
0.7252|52.63473
0.72478|52.63489
0.72209|52.63614
0.71997|52.63722
0.7195|52.63741
0.71902|52.63757
0.71806|52.63782
0.71555|52.63838
0.71341|52.6387
0.71302|52.63879
0.71261|52.63892
0.71232|52.63904
0.71184|52.63929
0.71135|52.63957
0.71096|52.63975
0.70973|52.64023
0.7082|52.64087
0.70804|52.64095
0.70645|52.64165
0.70644|52.64166
0.70596|52.64186
0.70085|52.64366
0.70051|52.64376
0.6993|52.64399
0.69842|52.64412
0.69688|52.64445
0.69659|52.64456
0.6963|52.6447
0.69615|52.6448
0.69598|52.64497
0.69597|52.64499
0.69581|52.64522
0.69558|52.64545
0.69535|52.64558
0.69461|52.64587
0.69444|52.64606
0.69444|52.64608
0.6942|52.64666
0.69418|52.64684
0.69419|52.64685
0.69427|52.647
0.69411|52.64708
0.69399|52.64716
0.69387|52.64727
0.69336|52.64786
0.69307|52.64808
0.6929|52.64816
0.69263|52.64826
0.692|52.64845
0.69151|52.64856
0.69131|52.64859
0.69123|52.64861
0.69076|52.64866
0.69027|52.64869
0.68948|52.64877
0.68897|52.64878
0.68872|52.64876
0.68878|52.64885
0.68881|52.64891
0.68881|52.64894
0.68871|52.64971
0.6887|52.6503
0.68863|52.65064
0.6886|52.65136
0.68855|52.65191
0.68854|52.65213
0.6885|52.65244
0.68854|52.65213
0.68855|52.65191
0.6886|52.65136
0.68863|52.65064
0.6887|52.6503
0.68893|52.65031
0.68925|52.65034
0.68997|52.65053
0.69076|52.65068
0.69254|52.65087
0.69382|52.65104
0.69424|52.65115
0.69415|52.65127
0.69449|52.65139
0.69484|52.65149
0.69553|52.6516
0.69588|52.65167
0.6964|52.65174
0.69646|52.65174
0.69718|52.65181
0.69769|52.6519
0.69781|52.65195
0.69786|52.65198
0.69802|52.6521
0.69871|52.65268
0.69922|52.65307
0.69933|52.65317
0.69967|52.65357
0.7|52.65403
0.70007|52.65415
0.70011|52.65424
0.70013|52.65432
0.70005|52.65449
0.7|52.65457
0.69995|52.65462
0.69987|52.65475
0.69983|52.65485
0.69982|52.65491
0.69982|52.65496
0.69986|52.65506
0.70018|52.65541
0.70101|52.65507
0.70116|52.65521
0.70138|52.65549
0.70143|52.65558
0.70146|52.65572
0.70145|52.65584
0.7014|52.65603
0.70139|52.6562
0.70142|52.65632
0.7015|52.65644
0.70167|52.6566
0.7024|52.65721
0.7036|52.65847
0.70388|52.6587
0.70424|52.65894
0.70478|52.65923
0.70569|52.65987
0.70604|52.66007
0.70645|52.66026
0.70746|52.66067
0.70947|52.66159
0.71008|52.66183
0.71152|52.66232
0.7138|52.66294
0.71449|52.66317
0.71481|52.66332
0.71546|52.66369
0.71688|52.66455
0.718|52.66508
0.71826|52.66517
0.71849|52.66523
0.71877|52.66526
0.71932|52.66528
0.71987|52.66528
0.72096|52.66534
0.72103|52.66535
0.72291|52.66543
0.72537|52.66568
0.72901|52.66598
0.72931|52.66598
0.73078|52.66588
0.73266|52.66603
0.73253|52.66648
0.73237|52.66731
0.73234|52.66754
0.73233|52.66795
0.7325|52.66875
0.73252|52.66896
0.73253|52.66929
0.73255|52.66951
0.7326|52.66966
0.73269|52.66984
0.733|52.6703
0.73309|52.67054
0.73317|52.6708
0.73324|52.67114
0.73328|52.67193
0.73327|52.67265
0.73328|52.67283
0.73322|52.67306
0.73317|52.67331
0.73315|52.67336
0.73309|52.67356
0.73301|52.6739
0.73297|52.67401
0.7329|52.67413
0.73266|52.67436
0.7318|52.67511
0.73179|52.67511
0.73147|52.67538
0.73062|52.67625
0.73026|52.67665
0.72946|52.67748
0.7321|52.67789
0.73272|52.6779
0.73438|52.67785
0.73648|52.67786
0.73675|52.67789
0.73697|52.67793
0.73716|52.67798
0.73739|52.67802
0.7376|52.67807
0.73767|52.67807
0.73787|52.67809
0.73806|52.67809
0.73827|52.67806
0.73853|52.67799
0.73861|52.67796
0.73868|52.67796
0.73877|52.67795
0.73888|52.67795
0.73898|52.67796
0.7392|52.678
0.73987|52.67818
0.74153|52.67849
0.7428|52.67859
0.74368|52.67862
0.74478|52.67871
0.74615|52.67878
0.7465|52.67881
0.74771|52.67907
0.74773|52.67908
0.75024|52.67968
0.75074|52.67984
0.75075|52.67985
0.75099|52.67995
0.75213|52.68051
0.7525|52.68067
0.75197|52.68166
0.75193|52.68179
0.75179|52.68241
0.75171|52.6829
0.75174|52.68306
0.75201|52.68383
0.7522|52.68432
0.75222|52.68435
0.75225|52.68443
0.75229|52.68457
0.75231|52.68468
0.75231|52.68477
0.75228|52.68487
0.75225|52.68493
0.75221|52.68504
0.7522|52.68505
0.75208|52.68526
0.75201|52.68536
0.75182|52.68567
0.75178|52.68577
0.75174|52.68597
0.75174|52.68605
0.75173|52.68615
0.75172|52.68619
0.75169|52.68625
0.75163|52.68634
0.75154|52.68643
0.75142|52.68651
0.75141|52.68652
0.75111|52.68667
0.75095|52.68673
0.7509|52.68674
0.75003|52.68708
0.74949|52.68734
0.74943|52.68741
0.74938|52.68748
0.74935|52.68757
0.74937|52.68768
0.7494|52.68794
0.74948|52.68839
0.74956|52.68864
0.74962|52.68873
0.74972|52.6888
0.75021|52.68906
0.75074|52.68937
0.75122|52.6896
0.75144|52.68969
0.75188|52.68984
0.75224|52.68999
0.75251|52.69013
0.75292|52.69041
0.75318|52.69062
0.75327|52.69068
0.75349|52.69086
0.75394|52.69126
0.75419|52.69146
0.7547|52.69183
0.7549|52.69196
0.7563|52.69295
0.75665|52.69318
0.75666|52.69318
0.75684|52.69328
0.75804|52.69379
0.7581|52.69381
0.75848|52.69397
0.75912|52.69418
0.76056|52.69461
0.76119|52.69466
0.76121|52.69465
0.76163|52.69465
0.7618|52.69463
0.76182|52.69462
0.76201|52.69459
0.7628|52.69441
0.76296|52.69439
0.76309|52.6944
0.7632|52.69442
0.76333|52.69446
0.76398|52.6947
0.7642|52.69476
0.76543|52.69496
0.76562|52.69497
0.76599|52.69497
0.76614|52.69498
0.76667|52.69498
0.76688|52.69497
0.76734|52.69488
0.76756|52.69485
0.76799|52.69482
0.76835|52.69482
0.76843|52.69506
0.76854|52.69525
0.76868|52.69543
0.76943|52.69621
0.76958|52.69633
0.76979|52.69647
0.76958|52.69633
0.76943|52.69621
0.76868|52.69543
0.76854|52.69525
0.76843|52.69506
0.76835|52.69482
0.76799|52.69482
0.76756|52.69485
0.76734|52.69488
0.76688|52.69497
0.76633|52.69561
0.76633|52.69562
0.76623|52.69571
0.76613|52.69578
0.76569|52.69598
0.76417|52.69659
0.76396|52.69664
0.7637|52.69666
0.76122|52.69672
0.76054|52.69671
0.76034|52.69672
0.76019|52.69675
0.76005|52.6968
0.75993|52.6969
0.75983|52.69692
0.75978|52.69694
0.75971|52.69696
0.75964|52.69699
0.75952|52.69706
0.75915|52.69721
0.75787|52.69768
0.7576|52.69776
0.75533|52.69832
0.75486|52.69841
0.75445|52.69845
0.75353|52.69849
0.75267|52.69857
0.75237|52.69862
0.75205|52.69869
0.75111|52.69895
0.75067|52.69902
0.75033|52.69905
0.7499|52.69907
0.74952|52.69906
0.74935|52.69907
0.74905|52.69907
0.74876|52.6991
0.74819|52.69921
0.74818|52.69921
0.74692|52.69956
0.74647|52.69974
0.74499|52.7005
0.74479|52.70058
0.74421|52.70074
0.74415|52.70075
0.74376|52.70085
0.74325|52.70093
0.7427|52.70098
0.74064|52.70101
0.73958|52.70107
0.73776|52.70108
0.73697|52.70114
0.73615|52.70123
0.73591|52.70124
0.73563|52.7012
0.73535|52.70113
0.73438|52.70081
0.73374|52.70064
0.7309|52.70017
0.73055|52.70009
0.72974|52.69996
0.72914|52.69991
0.7274|52.69992
0.72711|52.69991
0.72643|52.69983
0.72577|52.69982
0.72534|52.69987
0.72428|52.70007
0.72382|52.70019
0.72264|52.70059
0.72169|52.70085
0.72155|52.70087
0.72125|52.70094
0.72034|52.70108
0.71999|52.70117
0.71972|52.70126
0.71889|52.70162
0.7187|52.70169
0.71756|52.70201
0.71751|52.70203
0.71634|52.70228
0.71415|52.70254
0.71412|52.70255
0.71387|52.70258
0.71362|52.70263
0.71354|52.70264
0.71289|52.7028
0.71159|52.70307
0.71106|52.70323
0.71088|52.70333
0.70982|52.70453
0.70943|52.70502
0.70925|52.70522
0.70904|52.70534
0.70841|52.70561
0.70871|52.70586
0.71126|52.70836
0.71141|52.70852
0.71805|52.71507
0.71834|52.71521
0.71869|52.71535
0.71996|52.71569
0.72014|52.71576
0.72016|52.71576
0.72077|52.71599
0.72111|52.71616
0.72135|52.71635
0.72151|52.71651
0.72157|52.71658
0.72198|52.717
0.72204|52.71704
0.72222|52.71719
0.72259|52.71747
0.72282|52.71758
0.72283|52.71759
0.72303|52.71766
0.72307|52.71768
0.72333|52.71775
0.72392|52.71788
0.72427|52.71792
0.72451|52.71793
0.72468|52.71795
0.72489|52.718
0.72496|52.71804
0.72504|52.71817
0.72505|52.71825
0.72506|52.71862
0.72507|52.71869
0.72507|52.71882
0.72515|52.71912
0.72522|52.71922
0.72532|52.71932
0.72538|52.71937
0.72539|52.71937
0.72554|52.71948
0.72614|52.71984
0.72642|52.71997
0.72671|52.72003
0.72674|52.72004
0.72702|52.7201
0.72728|52.72019
0.72729|52.72019
0.72737|52.72025
0.72744|52.72033
0.72747|52.72038
0.72757|52.72067
0.72758|52.72068
0.72764|52.72078
0.72771|52.72084
0.72781|52.72089
0.72798|52.72092
0.72814|52.72096
0.72867|52.72103
0.72934|52.72116
0.72973|52.72119
0.73011|52.72118
0.73061|52.72113
0.73326|52.72066
0.73376|52.72061
0.73411|52.7206
0.73606|52.72061
0.73672|52.72069
0.73701|52.7207
0.73705|52.72071
0.73747|52.72071
0.73845|52.72066
0.73849|52.72065
0.7393|52.72057
0.73976|52.72057
0.74028|52.72061
0.7409|52.72068
0.74156|52.72069
0.74172|52.72066
0.74173|52.72066
0.74186|52.72063
0.74199|52.72058
0.74209|52.72055
0.74244|52.72042
0.74345|52.72
0.74381|52.71988
0.74405|52.71982
0.74423|52.71979
0.74438|52.71978
0.74472|52.71978
0.74591|52.71984
0.74644|52.71985
0.74697|52.71984
0.74834|52.71974
0.74897|52.71982
0.74956|52.71997
0.75033|52.72024
0.75087|52.72049
0.75163|52.72092
0.75203|52.72112
0.75205|52.72114
0.75312|52.72172
0.75384|52.72205
0.75387|52.72206
0.75474|52.72219
0.75533|52.72221
0.75647|52.72234
0.76232|52.72261
0.76325|52.72262
0.76766|52.72277
0.76829|52.72281
0.77284|52.72297
0.77291|52.72298
0.773|52.72303
0.77322|52.72299
0.77373|52.72296
0.77441|52.72295
0.78165|52.72304
0.78206|52.72299
0.78212|52.72299
0.7828|52.7229
0.7837|52.72288
0.78491|52.72292
0.78554|52.72296
0.78748|52.7232
0.78884|52.72342
0.78915|52.72344
0.78922|52.72345
0.78929|52.72347
0.78985|52.72371
0.7914|52.72415
0.79165|52.72381
0.79151|52.72379
0.79109|52.72378
0.7908|52.72376
0.79049|52.72372
0.79019|52.72365
0.78961|52.72348
0.78957|52.72348
0.78954|52.72349
0.78947|52.72355
0.78929|52.72347
0.78922|52.72345
0.78915|52.72344
0.78884|52.72342
0.78748|52.7232
0.78554|52.72296
0.78491|52.72292
0.7837|52.72288
0.7828|52.7229
0.78212|52.72299
0.78206|52.72299
0.78165|52.72304
0.77441|52.72295
0.77373|52.72296
0.77322|52.72299
0.773|52.72303
0.77291|52.72298
0.77284|52.72297
0.76829|52.72281
0.76766|52.72277
0.76325|52.72262
0.76232|52.72261
0.75647|52.72234
0.75533|52.72221
0.75474|52.72219
0.75387|52.72206
0.75384|52.72205
0.75312|52.72172
0.75205|52.72114
0.75203|52.72112
0.75163|52.72092
0.75087|52.72049
0.75033|52.72024
0.74956|52.71997
0.74988|52.71967
0.75188|52.718
0.75198|52.7179
0.75188|52.718
0.74988|52.71967
0.74956|52.71997
0.75033|52.72024
0.75087|52.72049
0.75163|52.72092
0.75203|52.72112
0.75205|52.72114
0.75312|52.72172
0.75384|52.72205
0.75387|52.72206
0.75474|52.72219
0.75533|52.72221
0.75647|52.72234
0.76232|52.72261
0.76325|52.72262
0.76766|52.72277
0.76829|52.72281
0.77284|52.72297
0.77291|52.72298
0.773|52.72303
0.77322|52.72299
0.77373|52.72296
0.77441|52.72295
0.78165|52.72304
0.78206|52.72299
0.78212|52.72299
0.7828|52.7229
0.7837|52.72288
0.78491|52.72292
0.78554|52.72296
0.78748|52.7232
0.78884|52.72342
0.78915|52.72344
0.78922|52.72345
0.78929|52.72347
0.78947|52.72355
0.78932|52.7237
0.78932|52.72371
0.78894|52.72412
0.78891|52.72417
0.78769|52.72552
0.7875|52.72571
0.7875|52.7258
0.78727|52.72597
0.78659|52.72669
0.78596|52.72747
0.78551|52.72811
0.78549|52.72816
0.78532|52.7285
0.78521|52.72886
0.78519|52.72891
0.78504|52.72942
0.78462|52.73061
0.78461|52.73066
0.78441|52.73108
0.78404|52.73175
0.78367|52.73231
0.78345|52.73257
0.78325|52.73276
0.78295|52.73302
0.78283|52.73317
0.78273|52.73333
0.78248|52.73393
0.78097|52.73707
0.78088|52.7373
0.78083|52.73746
0.78071|52.73796
0.78045|52.73873
0.78038|52.73898
0.78037|52.73899
0.78004|52.74005
0.78|52.74021
0.77999|52.74023
0.77981|52.74094
0.77978|52.74112
0.77977|52.74163
0.77978|52.7419
0.77982|52.74217
0.77983|52.7422
0.77989|52.74258
0.77989|52.74291
0.77988|52.74304
0.77975|52.74388
0.77968|52.74422
0.77963|52.7443
0.77944|52.74451
0.77937|52.74463
0.77899|52.7459
0.77899|52.74592
0.77881|52.7464
0.77869|52.7466
0.77854|52.74678
0.77828|52.74699
0.77744|52.7476
0.77736|52.74765
0.77703|52.74792
0.77689|52.7481
0.77678|52.74831
0.77674|52.7485
0.77673|52.7488
0.77672|52.74881
0.77674|52.74897
0.77677|52.74912
0.77676|52.74919
0.77664|52.74938
0.77631|52.74974
0.77613|52.74997
0.77601|52.75018
0.77592|52.75038
0.77587|52.75047
0.77584|52.75054
0.77563|52.75136
0.77562|52.75137
0.77554|52.75174
0.7752|52.7528
0.7751|52.7539
0.77458|52.75635
0.77447|52.75698
0.77442|52.7572
0.77441|52.7572
0.77359|52.75861
0.77339|52.75898
0.77314|52.75939
0.77225|52.76095
0.77203|52.76151
0.77204|52.76175
0.77218|52.76265
0.77225|52.76285
0.77257|52.76361
0.77278|52.76404
0.77294|52.76432
0.77318|52.76464
0.7734|52.76487
0.77362|52.76525
0.77381|52.76547
0.77412|52.76569
0.77449|52.76583
0.7747|52.76587
0.77522|52.76588
0.77583|52.76584
0.77641|52.76576
0.77681|52.76572
0.77834|52.76566
0.77837|52.76567
0.7786|52.76567
0.78002|52.76581
0.7829|52.76585
0.78305|52.76587
0.78317|52.7659
0.78325|52.76595
0.78332|52.76606
0.78337|52.76619
0.7834|52.76651
0.78363|52.76794
0.78363|52.76798
0.78376|52.76875
0.7838|52.76913
0.78384|52.76934
0.78388|52.76949
0.78394|52.76964
0.78399|52.76974
0.78496|52.7712
0.7851|52.77143
0.78512|52.77145
0.78526|52.77168
0.7853|52.77182
0.78531|52.77193
0.7853|52.77195
0.78529|52.77203
0.78522|52.77223
0.78502|52.77271
0.78502|52.77295
0.78504|52.77313
0.78504|52.77317
0.78507|52.77331
0.78507|52.77352
0.78503|52.77395
0.78491|52.77475
0.78466|52.77547
0.78464|52.77556
0.78464|52.77571
0.78467|52.77617
0.78467|52.77629
0.78464|52.77655
0.78453|52.77698
0.78439|52.77725
0.78432|52.77735
0.78377|52.77804
0.78373|52.7781
0.78363|52.7782
0.78511|52.77862
0.78485|52.77913
0.7846|52.77969
0.78453|52.77989
0.78453|52.77992
0.7845|52.78006
0.78443|52.78143
0.78434|52.78168
0.78421|52.78189
0.78419|52.78191
0.7841|52.78203
0.78295|52.783
0.78233|52.78348
0.78193|52.78382
0.7819|52.78386
0.78098|52.78465
0.78081|52.78482
0.77995|52.78577
0.77992|52.78581
0.77948|52.78626
0.77937|52.7864
0.77924|52.78654
0.77905|52.7868
0.77878|52.78729
0.77861|52.78765
0.77853|52.78789
0.77853|52.78793
0.7785|52.7881
0.77845|52.78871
0.77842|52.7889
0.77827|52.78927
0.77801|52.7898
0.77781|52.79026
0.7776|52.79063
0.77712|52.79131
0.77706|52.79138
0.77684|52.79172
0.77685|52.79186
0.77722|52.79227
0.77729|52.79232
0.77732|52.79235
0.77746|52.79242
0.77766|52.79249
0.77788|52.79254
0.7781|52.79257
0.77832|52.79257
0.77843|52.79255
0.77854|52.79251
0.77861|52.79247
0.77871|52.79238
0.77887|52.79226
0.7789|52.79225
0.77891|52.79224
0.77896|52.79222
0.77901|52.79219
0.77907|52.79217
0.77914|52.79216
0.77915|52.79215
0.77921|52.79215
0.77939|52.79213
0.77963|52.79215
0.78059|52.79233
0.78062|52.79233
0.78087|52.79239
0.7814|52.79255
0.78144|52.79257
0.78159|52.79262
0.78168|52.79266
0.78177|52.79272
0.78205|52.79287
0.78247|52.79312
0.78272|52.79324
0.78282|52.79328
0.78318|52.79337
0.78338|52.79339
0.7837|52.79344
0.78447|52.79352
0.78472|52.79358
0.78475|52.79358
0.78495|52.79365
0.78566|52.79386
0.78574|52.79387
0.78578|52.79388
0.78589|52.79388
0.78602|52.79404
0.78606|52.79408
0.78607|52.7941
0.78607|52.79416
0.78605|52.79422
0.78605|52.79423
0.78571|52.7948
0.78568|52.79489
0.78568|52.7949
0.7855|52.79545
0.78568|52.7949
0.78568|52.79489
0.78571|52.7948
0.78605|52.79423
0.78605|52.79422
0.78607|52.79416
0.78607|52.7941
0.78606|52.79408
0.78602|52.79404
0.78589|52.79388
0.78578|52.79388
0.78574|52.79387
0.78566|52.79386
0.78495|52.79365
0.78475|52.79358
0.78472|52.79358
0.78447|52.79352
0.7837|52.79344
0.78338|52.79339
0.78318|52.79337
0.78282|52.79328
0.78272|52.79324
0.78247|52.79312
0.78205|52.79287
0.78177|52.79272
0.78168|52.79266
0.78159|52.79262
0.78144|52.79257
0.7814|52.79255
0.78087|52.79239
0.78062|52.79233
0.78059|52.79233
0.77963|52.79215
0.77939|52.79213
0.77921|52.79215
0.77915|52.79215
0.77914|52.79216
0.77907|52.79217
0.77901|52.79219
0.77896|52.79222
0.77891|52.79224
0.7789|52.79225
0.77887|52.79226
0.77871|52.79238
0.77861|52.79247
0.77854|52.79251
0.77843|52.79255
0.77832|52.79257
0.7781|52.79257
0.77788|52.79254
0.77766|52.79249
0.77756|52.79251
0.77751|52.79251
0.77744|52.79252
0.77707|52.79253
0.77647|52.79262
0.77638|52.79268
0.77634|52.7927
0.77603|52.793
0.7759|52.79317
0.77584|52.79323
0.77576|52.79329
0.7757|52.79332
0.77555|52.79337
0.77536|52.7934
0.77519|52.7934
0.7744|52.79334
0.77392|52.79333
0.77376|52.79335
0.77371|52.79335
0.77367|52.79336
0.77363|52.79338
0.77358|52.79343
0.77348|52.79355
0.77288|52.79488
0.77272|52.79514
0.77252|52.79538
0.7725|52.79541
0.77172|52.79622
0.7715|52.79651
0.77098|52.79739
0.77094|52.7975
0.77032|52.79887
0.77024|52.79909
0.7701|52.79969
0.7699|52.8004
0.76983|52.80071
0.76978|52.80103
0.76977|52.80105
0.76972|52.80165
0.76972|52.80219
0.76959|52.80336
0.76962|52.80337
0.76963|52.80338
0.76964|52.8034
0.76981|52.80358
0.76981|52.8036
0.76982|52.80363
0.77172|52.80356
0.77184|52.80357
0.7719|52.80413
0.77191|52.80418
0.77195|52.80428
0.77202|52.8044
0.77213|52.80456
0.77221|52.80471
0.77223|52.80476
0.7722|52.80494
0.77206|52.80521
0.77201|52.80533
0.77198|52.80548
0.77197|52.80572
0.77198|52.80583
0.77201|52.80599
0.77206|52.80617
0.77207|52.80634
0.77203|52.80651
0.77197|52.80665
0.77197|52.80666
0.77184|52.80691
0.77175|52.80706
0.77166|52.80715
0.77154|52.80725
0.7714|52.80735
0.77057|52.80774
0.77054|52.80776
0.7704|52.80782
0.77024|52.80791
0.77016|52.80797
0.77008|52.80802
0.7699|52.8082
0.7697|52.8085
0.76953|52.8087
0.76927|52.80895
0.76915|52.80909
0.76909|52.80918
0.76905|52.80931
0.76899|52.80969
0.76896|52.8098
0.7689|52.80996
0.76867|52.81041
0.76854|52.81073
0.76852|52.81081
0.76852|52.81111
0.76858|52.81175
0.76861|52.81274
0.76862|52.81283
0.76868|52.8131
0.76879|52.81339
0.76893|52.81368
0.76894|52.81369
0.76899|52.81382
0.76902|52.81392
0.76903|52.81399
0.76903|52.81407
0.76902|52.81413
0.76893|52.81447
0.76893|52.81465
0.76895|52.81473
0.76895|52.81475
0.76897|52.81482
0.76901|52.8149
0.76902|52.81493
0.7691|52.8151
0.76911|52.81511
0.76914|52.8152
0.7692|52.81576
0.76919|52.81619
0.76897|52.81761
0.76896|52.81762
0.76894|52.81779
0.76888|52.81814
0.76887|52.81825
0.7688|52.81866
0.76878|52.819
0.76881|52.81952
0.76885|52.82117
0.76886|52.82122
0.76888|52.82127
0.76892|52.82133
0.76894|52.82137
0.76898|52.82141
0.76907|52.82148
0.76921|52.82157
0.7696|52.82169
0.76969|52.82171
0.77012|52.82184
0.77037|52.8219
0.77054|52.82193
0.77081|52.82196
0.7709|52.82196
0.77134|52.82199
0.77164|52.82204
0.77186|52.82209
0.77247|52.82232
0.7748|52.82335
0.77485|52.82338
0.77577|52.82383
0.77681|52.82441
0.77807|52.82522
0.77888|52.82589
0.77932|52.82641
0.7799|52.82703
0.7806|52.82803
0.78066|52.8281
0.78085|52.82827
0.78098|52.82837
0.78149|52.82865
0.78327|52.82954
0.78367|52.82981
0.78482|52.83069
0.78512|52.8309
0.78527|52.83099
0.78537|52.83106
0.7854|52.83107
0.7856|52.83119
0.78643|52.83157
0.7869|52.83182
0.78722|52.83205
0.78755|52.83234
0.78794|52.83278
0.78807|52.83301
0.78814|52.83319
0.78835|52.83365
0.78843|52.83378
0.78851|52.83388
0.78873|52.83411
0.78933|52.83454
0.7894|52.83457
0.7896|52.83456
0.78963|52.83453
0.78977|52.83418
0.79034|52.83252
0.79035|52.8325
0.79201|52.82782
0.79204|52.82769
0.79205|52.82761
0.79205|52.8275
0.79203|52.82738
0.79195|52.82707
0.79192|52.82688
0.79192|52.82677
0.79194|52.82664
0.79196|52.82657
0.79203|52.82645
0.79211|52.82636
0.79244|52.82618
0.79245|52.82617
0.79276|52.82603
0.79318|52.82577
0.79323|52.82576
0.79326|52.82576
0.79332|52.82575
0.79341|52.82575
0.79354|52.82577
0.79359|52.82579
0.79363|52.8258
0.7937|52.82583
0.79373|52.82585
0.79375|52.82585
0.79427|52.82614
0.79582|52.82679
0.796|52.82688
0.7966|52.82713
0.79676|52.82718
0.7973|52.82731
0.79771|52.82739
0.79773|52.82739
0.79789|52.82744
0.79875|52.82765
0.7991|52.8277
0.79935|52.82778
0.79937|52.82778
0.79969|52.82791
0.79979|52.82794
0.80009|52.82826
0.8003|52.82851
0.80057|52.82891
0.80066|52.82908
0.80066|52.82909
0.8007|52.82921
0.80071|52.8293
0.8007|52.82949
0.80068|52.82956
0.80067|52.82962
0.80065|52.82968
0.80063|52.82972
0.80059|52.82978
0.80054|52.82984
0.80031|52.83002
0.80024|52.83016
0.80023|52.8302
0.80024|52.83053
0.8003|52.83079
0.80033|52.83086
0.80037|52.83091
0.80042|52.83095
0.80042|52.83096
0.80059|52.83106
0.8008|52.83111
0.80091|52.83112
0.80122|52.83112
0.80246|52.83102
0.80373|52.831
0.80391|52.83112
0.80389|52.83129
0.80389|52.83135
0.80371|52.83289
0.80369|52.83323
0.80367|52.83339
0.80371|52.83359
0.80374|52.83366
0.80396|52.83403
0.80406|52.83424
0.80416|52.83439
0.80438|52.83466
0.80452|52.83479
0.80508|52.83522
0.80558|52.83551
0.80597|52.8357
0.80614|52.8358
0.80619|52.83585
0.80643|52.83613
0.80654|52.8362
0.80662|52.83624
0.80681|52.83631
0.80742|52.8365
0.80746|52.83652
0.80756|52.83655
0.80801|52.83672
0.80824|52.83679
0.80825|52.83683
0.80824|52.83687
0.80821|52.83692
0.80819|52.83697
0.80821|52.83701
0.80824|52.83725
0.80823|52.83732
0.8081|52.83745
0.80687|52.83834
0.80657|52.83859
0.8059|52.8392
0.80565|52.83945
0.80512|52.84009
0.8049|52.84038
0.80457|52.84088
0.80408|52.84156
0.80395|52.84172
0.80346|52.8422
0.80342|52.84225
0.80339|52.84232
0.80356|52.84232
0.80766|52.84252
0.8082|52.84252
0.80873|52.8425
0.80948|52.84242
0.81081|52.84216
0.81128|52.84201
0.81143|52.84195
0.81248|52.84161
0.8126|52.84179
0.81266|52.84184
0.81271|52.84187
0.81289|52.84192
0.81382|52.84205
0.81408|52.8423
0.81445|52.84261
0.81505|52.84322
0.81519|52.84339
0.81533|52.84372
0.81539|52.84384
0.81543|52.844
0.81551|52.84424
0.81553|52.84441
0.81552|52.84469
0.81547|52.84534
0.81548|52.8454
0.81548|52.84548
0.8155|52.84556
0.81554|52.84567
0.81597|52.84648
0.81626|52.84717
0.81652|52.8477
0.81694|52.84833
0.81734|52.84876
0.81746|52.84886
0.81809|52.8493
0.81865|52.84962
0.81904|52.84982
0.81925|52.8499
0.81983|52.85006
0.82016|52.8501
0.8204|52.8502
0.82065|52.85033
0.82161|52.85145
0.82184|52.85176
0.82187|52.85197
0.82193|52.85223
0.82159|52.853
0.82139|52.85338
0.82117|52.8537
0.82096|52.85395
0.82049|52.85437
0.81542|52.85808
0.81425|52.85885
0.81361|52.85922
0.81279|52.85962
0.81182|52.86004
0.80911|52.8611
0.80863|52.86127
0.8088|52.86143
0.80999|52.8618
0.81035|52.86194
0.81462|52.86414
0.81468|52.86416
0.81937|52.8665
0.82009|52.86683
0.82041|52.867
0.82081|52.86716
0.82191|52.8675
0.8228|52.86771
0.8229|52.86774
0.82355|52.86789
0.82454|52.86816
0.82539|52.86834
0.82542|52.86834
0.82698|52.86858
0.82882|52.86894
0.82934|52.86901
0.83012|52.86898
0.83089|52.86892
0.83118|52.86892
0.83127|52.86893
0.83136|52.86893
0.8315|52.86896
0.83165|52.86898
0.83202|52.86907
0.83288|52.8692
0.83302|52.86904
0.83313|52.86889
0.8332|52.86881
0.83322|52.86878
0.83325|52.86871
0.83329|52.86845
0.8333|52.86821
0.83329|52.86795
0.83328|52.86787
0.83329|52.86783
0.83329|52.86781
0.83331|52.86778
0.83334|52.86776
0.83336|52.86774
0.83339|52.86773
0.83342|52.86771
0.83348|52.8677
0.8335|52.86769
0.83353|52.86769
0.83371|52.86766
0.83379|52.86764
0.83465|52.86749
0.83559|52.86728
0.83618|52.86723
0.83639|52.8672
0.83698|52.86718
0.84034|52.86717
0.84212|52.86729
0.84219|52.8673
0.84256|52.86731
0.8429|52.86729
0.84328|52.86723
0.84329|52.86722
0.84358|52.86717
0.84385|52.86711
0.84423|52.867
0.84438|52.86694
0.84484|52.86671
0.84507|52.86661
0.84534|52.86651
0.84564|52.86645
0.8458|52.86644
0.84621|52.86645
0.84628|52.86695
0.8463|52.86703
0.84637|52.86723
0.84644|52.86737
0.84654|52.86749
0.84663|52.86758
0.84704|52.86788
0.84727|52.86803
0.84743|52.86815
0.84745|52.86816
0.84761|52.86831
0.84772|52.86844
0.8478|52.86857
0.84784|52.86865
0.84791|52.86886
0.84793|52.86898
0.84793|52.86925
0.84792|52.86931
0.8479|52.86936
0.84785|52.86957
0.84781|52.8697
0.84781|52.86972
0.84743|52.87063
0.84728|52.87106
0.84719|52.87158
0.84721|52.87178
0.84721|52.87185
0.84726|52.87214
0.84734|52.87241
0.84755|52.87291
0.84767|52.87311
0.84782|52.87333
0.84801|52.87358
0.84858|52.87422
0.84928|52.87495
0.84971|52.87545
0.84989|52.87561
0.8502|52.87593
0.8504|52.87618
0.85053|52.87637
0.85074|52.87664
0.85092|52.87683
0.85095|52.87687
0.85139|52.87726
0.85169|52.87748
0.85198|52.87767
0.85233|52.87787
0.85268|52.87804
0.85287|52.87812
0.85311|52.87825
0.8537|52.87864
0.85375|52.87866
0.85492|52.87934
0.85513|52.87945
0.85557|52.87973
0.85628|52.88025
0.85654|52.88046
0.85664|52.88058
0.85682|52.88076
0.85667|52.88074
0.85653|52.88069
0.85638|52.88067
0.85594|52.88064
0.85574|52.88065
0.85561|52.88068
0.85519|52.88082
0.8551|52.88088
0.85507|52.88091
0.85504|52.88093
0.85502|52.88095
0.85495|52.881
0.85487|52.88103
0.85475|52.88106
0.85468|52.88107
0.85428|52.88116
0.85399|52.88124
0.8538|52.88133
0.85358|52.88146
0.85428|52.88194
0.85459|52.88212
0.85526|52.88258
0.85555|52.88281
0.85574|52.88294
0.85574|52.88295
0.85621|52.88322
0.85631|52.88331
0.8564|52.88342
0.85649|52.88359
0.85654|52.88377
0.85655|52.88384
0.85661|52.88401
0.85667|52.88411
0.85689|52.88423
0.85708|52.88432
0.85735|52.88442
0.85865|52.88484
0.85909|52.88493
0.8595|52.88499
0.85959|52.88501
0.86037|52.88512
0.8604|52.88513
0.8612|52.88524
0.86222|52.88541
0.86254|52.88544
0.86281|52.88545
0.86395|52.88556
0.8642|52.88561
0.86494|52.88585
0.86496|52.88585
0.86526|52.88597
0.86564|52.88615
0.86584|52.88628
0.86599|52.8864
0.86624|52.88669
0.86644|52.88706
0.86663|52.88731
0.86674|52.88743
0.86693|52.88757
0.86704|52.88764
0.86722|52.88773
0.86747|52.88783
0.86784|52.88794
0.86837|52.88806
0.86912|52.88829
0.86929|52.88831
0.86949|52.88838
0.87035|52.88878
0.87067|52.88895
0.87084|52.88911
0.8709|52.8892
0.87104|52.88938
0.87124|52.8897
0.87124|52.88971
0.87131|52.88987
0.87156|52.89059
0.87178|52.8911
0.87193|52.8913
0.87232|52.8917
0.87249|52.89189
0.87286|52.89226
0.87299|52.89234
0.87306|52.89247
0.87312|52.89254
0.87317|52.89264
0.87319|52.89267
0.87327|52.89296
0.87335|52.89317
0.87338|52.89328
0.87363|52.89388
0.87371|52.89404
0.87381|52.8943
0.8738|52.89435
0.8738|52.89455
0.87401|52.8952
0.87414|52.89555
0.87421|52.89556
0.87451|52.89566
0.87515|52.89583
0.87524|52.89592
0.87529|52.89596
0.87544|52.89601
0.87536|52.89617
0.87533|52.89632
0.87531|52.89664
0.87535|52.897
0.87556|52.89746
0.87558|52.89753
0.8756|52.89757
0.87581|52.89817
0.87588|52.89832
0.87594|52.89831
0.87601|52.89832
0.87698|52.89864
0.87805|52.89896
0.87864|52.89917
0.87943|52.89955
0.88025|52.89986
0.88085|52.90004
0.88108|52.90009
0.88114|52.90011
0.88151|52.90018
0.88159|52.90025
0.88163|52.9003
0.88167|52.90045
0.8817|52.9005
0.88177|52.90059
0.88221|52.90076
0.88354|52.90146
0.88376|52.90153
0.88428|52.90167
0.88445|52.90168
0.88479|52.90162
0.8855|52.90136
0.88718|52.90086
0.88732|52.90083
0.88825|52.90058
0.8887|52.9005
0.88874|52.90056
0.8888|52.90063
0.88884|52.90066
0.88886|52.90067
0.88899|52.90076
0.88908|52.90079
0.88928|52.90083
0.88941|52.90084
0.88967|52.90107
0.88967|52.90108
0.88981|52.90122
0.89001|52.90147
0.89021|52.90182
0.89045|52.9023
0.89045|52.90237
0.89046|52.90242
0.89046|52.9025
0.89044|52.90258
0.89043|52.90268
0.89035|52.90311
0.89036|52.90317
0.89035|52.90321
0.89037|52.90328
0.89037|52.90331
0.89038|52.90333
0.8904|52.90346
0.89053|52.90372
0.89104|52.90488
0.89114|52.90522
0.89124|52.90577
0.89126|52.90599
0.89132|52.90619
0.89148|52.90663
0.89158|52.90699
0.8916|52.90714
0.89159|52.90737
0.89157|52.90746
0.89155|52.90751
0.89152|52.90754
0.8915|52.90757
0.89077|52.90829
0.89056|52.90853
0.89042|52.90875
0.89026|52.90908
0.89017|52.90933
0.89016|52.90942
0.89016|52.91023
0.89017|52.91043
0.8901|52.911
0.8901|52.91123
0.89028|52.91208
0.89037|52.91261
0.89061|52.91525
0.89063|52.91691
0.89036|52.91768
0.89029|52.91771
0.89027|52.91771
0.88911|52.91816
0.88859|52.91841
0.88816|52.91865
0.88802|52.91871
0.88654|52.91947
0.88586|52.91977
0.8857|52.91985
0.8855|52.92
0.88541|52.92008
0.88541|52.92009
0.88535|52.9203
0.88534|52.92046
0.8853|52.92058
0.8851|52.9209
0.88502|52.92099
0.88478|52.92121
0.88441|52.92152
0.88421|52.92167
0.88394|52.92191
0.88384|52.92197
0.88376|52.92203
0.88365|52.92208
0.88346|52.92222
0.88323|52.92235
0.8827|52.9226
0.88231|52.92273
0.88205|52.92277
0.88194|52.92281
0.8808|52.92343
0.88053|52.92363
0.88052|52.92371
0.88062|52.92423
0.88073|52.92459
0.88079|52.92514
0.8807|52.92572
0.8807|52.92574
0.88063|52.92603
0.88059|52.92611
0.88016|52.92665
0.88003|52.92685
0.87998|52.92694
0.87993|52.92709
0.8799|52.92715
0.87979|52.92755
0.87957|52.92816
0.87955|52.92834
0.87955|52.92839
0.87959|52.92872
0.87961|52.92917
0.87958|52.92929
0.87931|52.93011
0.87923|52.93045
0.87922|52.93057
0.87922|52.93082
0.87923|52.93091
0.87949|52.93171
0.87963|52.93225
0.87966|52.93244
0.87966|52.9325
0.87965|52.93258
0.87964|52.9326
0.87962|52.93277
0.87959|52.93289
0.87942|52.9333
0.87932|52.93363
0.87932|52.93366
0.87929|52.93375
0.87928|52.9339
0.87921|52.93424
0.87917|52.93487
0.87917|52.93525
0.87918|52.93535
0.87918|52.93543
0.87924|52.93593
0.87932|52.93635
0.87942|52.93872
0.88453|52.93861
0.88514|52.93856
0.88584|52.93847
0.88626|52.9384
0.88649|52.93833
0.88681|52.93821
0.88887|52.93709
0.88902|52.93704
0.88887|52.93709
0.88681|52.93821
0.88649|52.93833
0.88626|52.9384
0.88584|52.93847
0.88514|52.93856
0.88453|52.93861
0.87942|52.93872
0.87934|52.9398
0.87931|52.93998
0.87924|52.94017
0.87916|52.94033
0.87906|52.94048
0.87877|52.94081
0.8784|52.94119
0.87793|52.94176
0.87753|52.94233
0.87745|52.94242
0.87734|52.94249
0.87717|52.94258
0.87498|52.94334
0.87494|52.94335
0.87238|52.94428
0.86979|52.94531
0.869|52.94566
0.86789|52.94625
0.86784|52.94627
0.86682|52.94681
0.86644|52.94704
0.86634|52.94709
0.86467|52.94825
0.86445|52.94836
0.86385|52.9486
0.86275|52.94899
0.8601|52.95001
0.8597|52.95018
0.85962|52.95023
0.8596|52.95026
0.85959|52.95029
0.85959|52.95031
0.8596|52.95034
0.85918|52.95035
0.85746|52.95059
0.8565|52.95069
0.8561|52.95075
0.85333|52.95139
0.85327|52.95139
0.85271|52.95147
0.85108|52.95161
0.85062|52.95168
0.85065|52.95182
0.85065|52.95184
0.85066|52.95186
0.85067|52.95193
0.85067|52.9522
0.85068|52.95225
0.85069|52.95226
0.85071|52.9523
0.85073|52.95232
0.85075|52.95233
0.85079|52.95236
0.8509|52.95242
0.85094|52.95245
0.85102|52.95254
0.85103|52.95254
0.85118|52.95269
0.85114|52.95271
0.85112|52.95274
0.85112|52.95276
0.85114|52.9528
0.85116|52.95286
0.85113|52.95292
0.85109|52.95317
0.85103|52.95386
0.85127|52.95388
0.85125|52.95393
0.85124|52.954
0.85123|52.95401