0.3664|52.60394
0.36655|52.60392
0.36656|52.60393
0.36659|52.60398
0.36665|52.60403
0.3667|52.60405
0.36678|52.60405
0.36713|52.604
0.36693|52.6035
0.36621|52.60357
0.365|52.60374
0.36419|52.60372
0.36389|52.60367
0.36372|52.60363
0.36373|52.60362
0.36373|52.60361
0.36374|52.60361
0.36374|52.60358
0.36373|52.60358
0.36373|52.60356
0.36372|52.60356
0.36372|52.60355
0.3637|52.60355
0.3637|52.60354
0.36368|52.60354
0.36368|52.60353
0.36357|52.60353
0.36357|52.60354
0.36355|52.60354
0.36355|52.60355
0.36354|52.60355
0.36352|52.60357
0.36352|52.60362
0.36353|52.60362
0.36353|52.60363
0.36336|52.60365
0.36263|52.60363
0.36261|52.60362
0.36158|52.60358
0.36154|52.60357
0.3615|52.60357
0.36146|52.60356
0.36142|52.60356
0.36136|52.60354
0.36132|52.60354
0.3611|52.60347
0.36093|52.60338
0.36063|52.60313
0.35862|52.60103
0.35846|52.60088
0.35839|52.6008
0.35834|52.60076
0.35823|52.60065
0.35822|52.60065
0.3581|52.60057
0.35799|52.60051
0.35775|52.60043
0.35739|52.60038
0.35732|52.60039
0.35718|52.60039
0.35582|52.60055
0.35533|52.60059
0.35462|52.6006
0.35427|52.60057
0.35371|52.60047
0.35366|52.60045
0.35347|52.6004
0.3528|52.60013
0.3524|52.59991
0.35196|52.5996
0.34769|52.59602
0.34727|52.5957
0.3462|52.59501
0.34618|52.59499
0.34557|52.59464
0.3454|52.59456
0.3452|52.59449
0.34478|52.5943
0.34456|52.59417
0.34422|52.59391
0.34256|52.5925
0.34249|52.59245
0.34231|52.59229
0.34194|52.592
0.34174|52.5919
0.34173|52.5919
0.34166|52.59187
0.34143|52.59181
0.34069|52.59168
0.34033|52.59159
0.33994|52.59144
0.33977|52.59135
0.33956|52.59121
0.33947|52.59114
0.33937|52.59108
0.33813|52.59016
0.33791|52.58997
0.33783|52.58989
0.33776|52.5898
0.33769|52.58966
0.33765|52.58946
0.33765|52.5893
0.33775|52.5887
0.33775|52.58854
0.33773|52.5884
0.33771|52.58833
0.33765|52.58821
0.33761|52.58815
0.3375|52.58803
0.33743|52.58797
0.33718|52.58779
0.33647|52.5874
0.33594|52.58715
0.33538|52.58692
0.33515|52.58685
0.33473|52.58676
0.33435|52.58673
0.33401|52.58673
0.3335|52.58677
0.3327|52.58688
0.33227|52.58692
0.33215|52.58692
0.33206|52.58693
0.33186|52.58693
0.33132|52.58686
0.33086|52.58674
0.33075|52.5867
0.3301|52.58653
0.32973|52.58647
0.32868|52.5864
0.32701|52.58606
0.32688|52.58605
0.32684|52.58604
0.32635|52.58601
0.32588|52.58601
0.32525|52.58608
0.32402|52.58631
0.32341|52.58638
0.32287|52.58641
0.32282|52.58642
0.32174|52.58648
0.32118|52.58648
0.32072|52.58646
0.3168|52.58597
0.31594|52.58579
0.31428|52.58535
0.30968|52.58402
0.30919|52.58394
0.30881|52.58392
0.30853|52.58394
0.3084|52.58394
0.30677|52.58416
0.30531|52.58423
0.30494|52.58423
0.30238|52.58413
0.30188|52.58413
0.29928|52.58445
0.29877|52.58448
0.29688|52.58453
0.29632|52.58452
0.29443|52.58467
0.29422|52.58472
0.29417|52.58475
0.29412|52.58476
0.29407|52.58478
0.29396|52.58484
0.29381|52.58495
0.29356|52.58516
0.29305|52.58564
0.29243|52.58618
0.29215|52.58639
0.29138|52.58691
0.29117|52.58707
0.29042|52.5877
0.28956|52.58833
0.28924|52.58851
0.28874|52.58872
0.28805|52.58892
0.28759|52.58903
0.28737|52.5891
0.28709|52.58921
0.28679|52.58937
0.28644|52.58961
0.28632|52.58968
0.28622|52.58975
0.28598|52.58989
0.28523|52.59028
0.28477|52.59057
0.28273|52.59176
0.28268|52.59178
0.28176|52.59234
0.28165|52.59239
0.2814|52.59253
0.28136|52.59254
0.28125|52.5926
0.27937|52.59339
0.27864|52.59375
0.27805|52.59401
0.27672|52.59465
0.27394|52.59586
0.27301|52.59622
0.27248|52.59646
0.27187|52.59677
0.27085|52.59734
0.26862|52.59844
0.26751|52.59905
0.2666|52.59951
0.26617|52.5997
0.26566|52.59997
0.26452|52.60063
0.26401|52.60084
0.26203|52.60134
0.26157|52.60148
0.26104|52.60167
0.26082|52.60177
0.26075|52.60181
0.26066|52.60185
0.26038|52.60201
0.25974|52.60247
0.25956|52.60258
0.2588|52.60293
0.25857|52.60271
0.25854|52.60269
0.2585|52.60268
0.25843|52.60269
0.25837|52.60272
0.25804|52.60298
0.25785|52.60311
0.25766|52.60322
0.25724|52.60343
0.25698|52.60338
0.25611|52.60281
0.25587|52.60267
0.25564|52.60256
0.25547|52.6025
0.25525|52.60244
0.25326|52.60205
0.25298|52.60198
0.25297|52.60198
0.25282|52.60194
0.25271|52.6019
0.25263|52.60188
0.25246|52.60181
0.2522|52.60166
0.2517|52.60126
0.25122|52.6008
0.25112|52.60068
0.25052|52.59982
0.24928|52.59818
0.24925|52.59813
0.24894|52.59777
0.24857|52.59726
0.24749|52.59587
0.24741|52.59575
0.24726|52.5956
0.24718|52.59559
0.24708|52.59559
0.24677|52.59555
0.24658|52.59555
0.24645|52.59556
0.24622|52.5956
0.24608|52.59564
0.24594|52.5957
0.2455|52.59595
0.24474|52.59643
0.24443|52.59666
0.24422|52.59685
0.24396|52.59717
0.24366|52.5975
0.24352|52.59763
0.2433|52.5978
0.24313|52.59791
0.24279|52.59804
0.24262|52.59808
0.24261|52.59809
0.24223|52.59816
0.23995|52.5983
0.23936|52.59827
0.23882|52.5982
0.23829|52.59817
0.23752|52.59816
0.23722|52.5982
0.23696|52.59826
0.23678|52.59834
0.23596|52.59891
0.23571|52.59905
0.23539|52.5992
0.23518|52.59928
0.23399|52.59958
0.23326|52.59972
0.23306|52.59974
0.23261|52.59976
0.23216|52.59982
0.23183|52.59989
0.23088|52.60005
0.22993|52.60015
0.22893|52.60014
0.22878|52.60015
0.22865|52.60017
0.22834|52.60029
0.22827|52.60033
0.22822|52.60037
0.22811|52.60044
0.22782|52.60069
0.22749|52.60103
0.22723|52.60139
0.22697|52.60171
0.22687|52.60185
0.22675|52.60198
0.2266|52.6021
0.22607|52.60236
0.22547|52.6026
0.22558|52.60304
0.22572|52.60349
0.22584|52.60367
0.22593|52.60386
0.22593|52.60391
0.2259|52.60397
0.22583|52.60404
0.22559|52.60421
0.22552|52.60428
0.2255|52.60435
0.22552|52.60441
0.22556|52.60448
0.22563|52.60454
0.22731|52.60526
0.22743|52.60532
0.22912|52.606
0.22939|52.60616
0.22956|52.60629
0.22974|52.60645
0.22992|52.60663
0.23038|52.607
0.23106|52.60748
0.2313|52.60769
0.23151|52.6079
0.23176|52.60826
0.23217|52.60878
0.23252|52.60918
0.2329|52.60967
0.23252|52.60974
0.23277|52.61008
0.23295|52.61044
0.23298|52.6106
0.23301|52.61103
0.23299|52.61133
0.2329|52.61207
0.23284|52.61225
0.23238|52.61341
0.23171|52.6155
0.23163|52.61566
0.23151|52.61584
0.23138|52.616
0.23027|52.6172
0.23014|52.61737
0.23005|52.61753
0.23047|52.61769
0.23028|52.61791
0.23009|52.61806
0.22997|52.61817
0.2293|52.61863
0.22823|52.61943
0.22798|52.6196
0.2277|52.61976
0.22759|52.61981
0.22751|52.61983
0.22744|52.61986
0.22738|52.61987
0.22732|52.61989
0.22718|52.61991
0.22713|52.61991
0.22706|52.61992
0.22694|52.61992
0.22686|52.61993
0.2268|52.61992
0.22666|52.61992
0.22617|52.61983
0.22579|52.61971
0.22509|52.61941
0.22492|52.61935
0.22453|52.61924
0.22406|52.61916
0.22396|52.61913
0.22386|52.61911
0.22386|52.61906
0.22384|52.61904
0.22383|52.61902
0.22382|52.61901
0.2238|52.619
0.22379|52.61899
0.22377|52.61898
0.22376|52.61897
0.22369|52.61894
0.22367|52.61894
0.22365|52.61893
0.22349|52.61893
0.22346|52.61894
0.22344|52.61894
0.22336|52.61898
0.22335|52.61899
0.22333|52.619
0.22331|52.61902
0.2233|52.61904
0.22328|52.61906
0.22327|52.61908
0.22327|52.61913
0.22328|52.61914
0.22328|52.61915
0.22329|52.61917
0.22331|52.61919
0.22332|52.61921
0.22333|52.61921
0.22335|52.61923
0.22336|52.61923
0.22337|52.61924
0.22338|52.61924
0.22339|52.61925
0.2234|52.61925
0.22344|52.61931
0.22349|52.61942
0.2235|52.61951
0.22342|52.61975
0.2234|52.61994
0.22342|52.62029
0.22346|52.62047
0.22408|52.6222
0.22409|52.62232
0.22407|52.62245
0.22401|52.62258
0.22392|52.62272
0.22384|52.62278
0.22363|52.6229
0.22344|52.62296
0.2233|52.62299
0.22296|52.623
0.22275|52.62298
0.221|52.62273
0.21985|52.6226
0.21938|52.6226
0.21916|52.62262
0.2189|52.62266
0.21867|52.62271
0.21844|52.62279
0.2182|52.62289
0.21778|52.62312
0.21683|52.62373
0.21591|52.62428
0.21524|52.62463
0.21286|52.62564
0.21237|52.6259
0.21212|52.62605
0.21194|52.62619
0.21171|52.6264
0.21149|52.62665
0.21007|52.62879
0.20959|52.62938
0.20945|52.62949
0.20921|52.62964
0.20941|52.6298
0.20981|52.63007
0.20984|52.6301
0.20986|52.63013
0.20988|52.63022
0.20988|52.63033
0.20989|52.63044
0.20994|52.63055
0.21003|52.63066
0.21015|52.63075
0.21025|52.6308
0.21041|52.63086
0.21076|52.63092
0.21115|52.63095
0.21178|52.63094
0.212|52.63092
0.21208|52.6309
0.21222|52.63088
0.21301|52.63067
0.21328|52.63062
0.21347|52.6306
0.21372|52.6306
0.21402|52.63064
0.21411|52.63068
0.21424|52.63076
0.21434|52.63084
0.21441|52.63093
0.21447|52.63109
0.21454|52.63134
0.21458|52.63164
0.21456|52.63194
0.21453|52.63218
0.21452|52.63221
0.21446|52.63257
0.21437|52.63283
0.21402|52.63277
0.2139|52.63277
0.21384|52.63278
0.21382|52.6328
0.21376|52.63289
0.21367|52.63307
0.21179|52.63596
0.21137|52.63635
0.21121|52.63647
0.21026|52.63697
0.2098|52.63728
0.20961|52.63746
0.20953|52.63756
0.20947|52.6377
0.20927|52.63851
0.20926|52.63858
0.20925|52.63885
0.20899|52.6398
0.20897|52.6399
0.20893|52.63999
0.20887|52.64007
0.20882|52.64011
0.20874|52.64014
0.20865|52.64016
0.20824|52.64021
0.20821|52.64024
0.20819|52.6403
0.2082|52.64042
0.20822|52.64047
0.20826|52.64065
0.20824|52.64079
0.20824|52.64102
0.20821|52.64139
0.20823|52.64232
0.20809|52.64255
0.20788|52.64264
0.20714|52.6428
0.20393|52.64328
0.20066|52.64353
0.2004|52.64352
0.20022|52.6435
0.19974|52.64339
0.19959|52.64339
0.19811|52.64355
0.1978|52.64361
0.19758|52.64367
0.19732|52.64377
0.1973|52.64377
0.19698|52.64384
0.19659|52.64385
0.19298|52.64359
0.18902|52.64319
0.1886|52.64317
0.18836|52.64319
0.18817|52.64325
0.18647|52.64391
0.18527|52.64448
0.18503|52.64462
0.1843|52.64495
0.18428|52.64495
0.18425|52.64496
0.18418|52.64496
0.18412|52.64497
0.18404|52.64497
0.18376|52.64513
0.18369|52.64516
0.18358|52.64519
0.18353|52.64521
0.18327|52.64526
0.18319|52.64548
0.18276|52.64643
0.18276|52.64644
0.18271|52.64657
0.18263|52.64685
0.18247|52.64717
0.18205|52.64774
0.18175|52.64808
0.18154|52.64837
0.18146|52.64851
0.18124|52.64899
0.1809|52.64945
0.17984|52.65076
0.1795|52.65114
0.17921|52.65152
0.17881|52.65215
0.17817|52.65305
0.17793|52.65295
0.17782|52.65293
0.17744|52.65292
0.17739|52.65311
0.17735|52.65319
0.17725|52.65328
0.17713|52.65326
0.17696|52.65327
0.17628|52.65335
0.17601|52.65332
0.17568|52.65325
0.1752|52.65323
0.175|52.65325
0.1748|52.65329
0.17363|52.65331
0.17314|52.65326
0.17015|52.65333
0.16989|52.65332
0.16965|52.65388
0.16957|52.65392
0.1691|52.65453
0.16952|52.65465
0.16957|52.65469
0.16965|52.65489
0.16987|52.6553
0.16996|52.6555
0.17017|52.65672
0.17015|52.65691
0.17017|52.6571
0.17013|52.65741
0.17007|52.65759
0.16992|52.65795
0.16991|52.65811
0.16992|52.65837
0.17014|52.65965
0.17014|52.65994
0.17012|52.66008
0.1701|52.66036
0.17009|52.66042
0.17007|52.66048
0.16982|52.66045
0.16972|52.66045
0.16751|52.66117
0.16666|52.66142
0.16548|52.66188
0.1652|52.66203
0.16505|52.66215
0.16462|52.66261
0.16509|52.66285
0.16515|52.66287
0.16593|52.66325
0.16634|52.66348
0.16672|52.66366
0.1671|52.66387
0.16738|52.66391
0.16806|52.66415
0.16889|52.66451
0.17079|52.66521
0.17252|52.6657
0.1736|52.66594
0.17359|52.66595
0.1736|52.66597
0.1736|52.66598
0.17362|52.666
0.17363|52.666
0.17365|52.66601
0.17372|52.66601
0.17374|52.666
0.17375|52.666
0.17377|52.66598
0.17377|52.66596
0.17525|52.66621
0.17537|52.66625
0.1755|52.66634
0.17562|52.66652
0.17576|52.66678
0.17578|52.66683
0.17578|52.66691
0.17562|52.66718
0.17555|52.66742
0.17564|52.66761
0.17587|52.66779
0.17644|52.66809
0.17662|52.66817
0.1773|52.66857
0.178|52.66891
0.17971|52.66987
0.18068|52.67063
0.18079|52.67075
0.18087|52.67089
0.18088|52.67093
0.18086|52.67104
0.18084|52.6711
0.18074|52.67125
0.18065|52.67136
0.18062|52.67141
0.18009|52.67185
0.17952|52.67227
0.1792|52.67258
0.17779|52.67233
0.17744|52.67223
0.17719|52.67235
0.17694|52.67244
0.17643|52.67255
0.17617|52.67258
0.17505|52.67264
0.17469|52.67269
0.17417|52.67281
0.17381|52.67292
0.17377|52.67294
0.17368|52.67293
0.17362|52.67294
0.17355|52.67296
0.17354|52.67301
0.17355|52.67305
0.17357|52.67307
0.17361|52.67309
0.17373|52.67309
0.17378|52.67307
0.17391|52.67315
0.17392|52.67315
0.17424|52.67336
0.17532|52.6743
0.17511|52.67435
0.17496|52.67437
0.17487|52.67437
0.17445|52.67433
0.17439|52.67433
0.17432|52.67432
0.17422|52.67435
0.1742|52.67438
0.17419|52.67441
0.17424|52.67516
0.17424|52.67559
0.1743|52.67601
0.17443|52.67643
0.17465|52.6773
0.17473|52.67777
0.17473|52.67799
0.17463|52.67828
0.17438|52.67874
0.1743|52.67899
0.17425|52.68006
0.17421|52.68022
0.17422|52.68046
0.17438|52.68121
0.17451|52.68221
0.17473|52.68452
0.17479|52.68554
0.17477|52.68589
0.17482|52.68684
0.17494|52.68818
0.17495|52.68867
0.17504|52.68945
0.1751|52.69028
0.17512|52.69088
0.17509|52.69112
0.17504|52.69137
0.17501|52.69146
0.17489|52.69171
0.17478|52.69201
0.1747|52.69234
0.1747|52.69235
0.17463|52.69264
0.17432|52.69336
0.17424|52.69361
0.17423|52.6937
0.17423|52.69377
0.17437|52.6946
0.1745|52.69522
0.17451|52.69552
0.1745|52.69595
0.17453|52.69624
0.17459|52.69635
0.17463|52.69638
0.17466|52.69639
0.17471|52.69642
0.17479|52.69644
0.17534|52.6965
0.17543|52.69652
0.17555|52.69656
0.17559|52.69659
0.17563|52.69667
0.17566|52.69687
0.17567|52.6971
0.17565|52.6974
0.17561|52.69746
0.1755|52.69755
0.1754|52.6976
0.17523|52.69764
0.17438|52.69792
0.17431|52.69799
0.17429|52.69804
0.17429|52.69815
0.17432|52.69845
0.17432|52.69856
0.1743|52.69868
0.17387|52.70007
0.17384|52.70024
0.17385|52.70034
0.17385|52.70042
0.17395|52.70079
0.17409|52.70113
0.17423|52.70136
0.17602|52.70387
0.17615|52.70411
0.17618|52.7042
0.1762|52.70431
0.17624|52.70468
0.17634|52.70533
0.17652|52.70722
0.17655|52.70862
0.17656|52.70873
0.17678|52.70951
0.17683|52.70976
0.17693|52.71015
0.17713|52.71064
0.17714|52.71064
0.17733|52.71114
0.17734|52.71115
0.17734|52.71116
0.17736|52.71119
0.1774|52.71122
0.17752|52.71128
0.17763|52.71132
0.17941|52.71182
0.17995|52.71201
0.18052|52.71216
0.18098|52.71234
0.18156|52.71263
0.182|52.71291
0.18238|52.71328
0.18458|52.7157
0.18469|52.71579
0.18502|52.71597
0.18603|52.71631
0.18828|52.71692
0.18937|52.71725
0.19035|52.71745
0.19052|52.7175
0.19458|52.71913
0.19479|52.71919
0.19625|52.71982
0.19653|52.71998
0.19832|52.72072
0.19898|52.72097
0.19965|52.72128
0.19996|52.72146
0.20022|52.72167
0.20056|52.72202
0.20319|52.72495
0.20337|52.72518
0.20485|52.7269
0.20546|52.72767
0.20555|52.72775
0.20581|52.72784
0.20637|52.72793
0.20658|52.72798
0.20675|52.72805
0.20702|52.72821
0.20703|52.72821
0.20789|52.72879
0.20797|52.72883
0.20824|52.72889
0.20852|52.7289
0.2094|52.72878
0.21007|52.72866
0.21011|52.72867
0.21014|52.72867
0.2102|52.72869
0.21026|52.72872
0.21032|52.72877
0.21034|52.7288
0.21042|52.729
0.2105|52.7294
0.21054|52.72968
0.21056|52.73003
0.21059|52.73017
0.21067|52.73037
0.21121|52.73138
0.21176|52.73232
0.21179|52.73235
0.21188|52.73239
0.21194|52.7324
0.21201|52.7324
0.21329|52.73213
0.2133|52.73213
0.21373|52.73203
0.21399|52.73199
0.21403|52.73199
0.21409|52.732
0.21416|52.73202
0.2142|52.73204
0.21424|52.73205
0.21426|52.73207
0.21431|52.7321
0.2144|52.73219
0.21476|52.73271
0.21489|52.73279
0.21639|52.73325
0.21694|52.73347
0.21716|52.73354
0.21721|52.73355
0.21737|52.7336
0.21868|52.73376
0.21913|52.73385
0.21974|52.73416
0.22063|52.73451
0.22069|52.73454
0.22079|52.73457
0.22112|52.73473
0.22138|52.73488
0.22164|52.73506
0.22188|52.73545
0.22195|52.73548
0.22212|52.73553
0.22232|52.73556
0.22449|52.73551
0.22458|52.73552
0.22565|52.73575
0.22617|52.73582
0.22671|52.73583
0.22643|52.73583
0.22661|52.73553
0.22685|52.7353
0.22719|52.73505
0.22737|52.73494
0.22757|52.73485
0.22814|52.73464
0.22839|52.73452
0.22869|52.73435
0.22902|52.73413
0.2293|52.73385
0.22968|52.73333
0.22978|52.73321
0.23027|52.73271
0.2305|52.73244
0.23084|52.73186
0.23122|52.73132
0.23136|52.73107
0.23138|52.73097
0.23138|52.7309
0.23126|52.73051
0.23126|52.73045
0.23127|52.7304
0.23138|52.73028
0.23158|52.73011
0.23164|52.73005
0.23165|52.72993
0.23141|52.72881
0.23135|52.7286
0.23005|52.72874
0.22848|52.72872
0.22739|52.72879
0.22704|52.72884
0.22554|52.72913
0.22434|52.7293
0.22397|52.7293
0.22367|52.72927
0.22341|52.7292
0.22222|52.72882
0.22243|52.72871
0.2229|52.72852
0.22308|52.72843
0.22309|52.72842
0.22337|52.72827
0.22352|52.72817
0.22377|52.72804
0.22384|52.72799
0.22394|52.72795
0.22411|52.72785
0.22425|52.72771
0.2252|52.72699
0.22528|52.72696
0.2255|52.72692
0.22592|52.72687
0.22626|52.72679
0.22633|52.72673
0.22634|52.72667
0.22633|52.72654
0.22624|52.72612
0.22625|52.72606
0.22641|52.7259
0.22655|52.72579
0.22683|52.72563
0.22706|52.72556
0.22742|52.72541
0.22777|52.72522
0.22813|52.72497
0.22842|52.72479
0.22859|52.7247
0.2288|52.72464
0.22918|52.72459
0.22992|52.72454
0.2302|52.72447
0.23028|52.72444
0.23041|52.72437
0.23056|52.72425
0.23058|52.72422
0.2307|52.72408
0.23199|52.7216
0.23208|52.72145
0.23266|52.72063
0.23288|52.72028
0.23328|52.71933
0.23334|52.71921
0.23346|52.71891
0.23356|52.71873
0.23373|52.71858
0.23451|52.71814
0.2348|52.71787
0.23493|52.71766
0.23529|52.71697
0.23565|52.71622
0.23568|52.71617
0.23635|52.71478
0.23694|52.71347
0.24047|52.7136
0.24072|52.71359
0.24104|52.7136
0.24172|52.71366
0.24207|52.71367
0.243|52.71362
0.24329|52.71362
0.24428|52.71369
0.2451|52.7137
0.24558|52.71368
0.24617|52.71368
0.24696|52.71373
0.24739|52.71378
0.24823|52.71384
0.25114|52.71385
0.25208|52.71377
0.25259|52.71376
0.25358|52.71382
0.25391|52.71386
0.25397|52.71388
0.25419|52.71399
0.25453|52.7141
0.25528|52.71428
0.25593|52.71439
0.25669|52.71447
0.2572|52.71449
0.25739|52.71448
0.2574|52.71468
0.25738|52.71527
0.25711|52.71683
0.25699|52.71739
0.25684|52.71831
0.25735|52.71829
0.26926|52.71722
0.27418|52.71696
0.27714|52.71685
0.27847|52.71676
0.27899|52.71794
0.27919|52.71834
0.27835|52.71835
0.27827|52.71836
0.27825|52.71838
0.27824|52.7184
0.27825|52.71845
0.27825|52.71848
0.27827|52.71854
0.27825|52.71857
0.27821|52.71859
0.27815|52.7186
0.27784|52.71862
0.27758|52.71862
0.27784|52.71862
0.27815|52.7186
0.27821|52.71859
0.27825|52.71857
0.27827|52.71854
0.27825|52.71848
0.27825|52.71845
0.27824|52.7184
0.27825|52.71838
0.27827|52.71836
0.27835|52.71835
0.27919|52.71834
0.27899|52.71794
0.27847|52.71676
0.27714|52.71685
0.27418|52.71696
0.26926|52.71722
0.25735|52.71829
0.25684|52.71831
0.25699|52.71739
0.25711|52.71683
0.25738|52.71527
0.2574|52.71468
0.25739|52.71448
0.2572|52.71449
0.25669|52.71447
0.25593|52.71439
0.25528|52.71428
0.25453|52.7141
0.25419|52.71399
0.25397|52.71388
0.25391|52.71386
0.25358|52.71382
0.25259|52.71376
0.25208|52.71377
0.25114|52.71385
0.24823|52.71384
0.24739|52.71378
0.24696|52.71373
0.24617|52.71368
0.24558|52.71368
0.2451|52.7137
0.24428|52.71369
0.24329|52.71362
0.243|52.71362
0.24207|52.71367
0.24172|52.71366
0.24104|52.7136
0.24072|52.71359
0.24047|52.7136
0.23694|52.71347
0.23635|52.71478
0.23568|52.71617
0.23565|52.71622
0.23529|52.71697
0.23493|52.71766
0.2348|52.71787
0.23451|52.71814
0.23373|52.71858
0.23356|52.71873
0.23346|52.71891
0.23334|52.71921
0.23328|52.71933
0.23288|52.72028
0.23266|52.72063
0.23208|52.72145
0.23199|52.7216
0.2307|52.72408
0.23181|52.72409
0.23202|52.72415
0.23205|52.72417
0.23208|52.72421
0.23241|52.72487
0.23265|52.72523
0.23298|52.72565
0.23314|52.7259
0.23317|52.72599
0.23317|52.72608
0.2331|52.72684
0.23303|52.72732
0.23294|52.72753
0.23287|52.72759
0.23286|52.72761
0.23267|52.72786
0.23246|52.72822
0.2324|52.7283
0.23232|52.72837
0.23211|52.72845
0.232|52.72847
0.23188|52.72851
0.23135|52.7286
0.23141|52.72881
0.23165|52.72993
0.23164|52.73005
0.23158|52.73011
0.23138|52.73028
0.23127|52.7304
0.23126|52.73045
0.23126|52.73051
0.23138|52.7309
0.23138|52.73097
0.23136|52.73107
0.23122|52.73132
0.23084|52.73186
0.2305|52.73244
0.23027|52.73271
0.22978|52.73321
0.22968|52.73333
0.2293|52.73385
0.22902|52.73413
0.22869|52.73435
0.22839|52.73452
0.22814|52.73464
0.22757|52.73485
0.22737|52.73494
0.22719|52.73505
0.22685|52.7353
0.22661|52.73553
0.22643|52.73583
0.22617|52.73582
0.22565|52.73575
0.22458|52.73552
0.22449|52.73551
0.22232|52.73556
0.22197|52.73567
0.21974|52.73622
0.21844|52.73661
0.21812|52.73669
0.21774|52.73675
0.21729|52.73676
0.21695|52.7368
0.21689|52.73682
0.2168|52.73687
0.21676|52.73691
0.21671|52.73698
0.21669|52.73703
0.21667|52.73712
0.21676|52.73718
0.21741|52.73775
0.21796|52.73828
0.21798|52.73831
0.21808|52.7384
0.21829|52.73853
0.21848|52.73862
0.22112|52.73967
0.22134|52.73978
0.22138|52.73983
0.22139|52.73985
0.2214|52.73993
0.22139|52.73995
0.22132|52.74002
0.22119|52.74008
0.22099|52.74019
0.21894|52.74114
0.21571|52.74255
0.21894|52.74114
0.22099|52.74019
0.22119|52.74008
0.22132|52.74002
0.22139|52.73995
0.2214|52.73993
0.22139|52.73985
0.22138|52.73983
0.22134|52.73978
0.22112|52.73967
0.21848|52.73862
0.21829|52.73853
0.21808|52.7384
0.21798|52.73831
0.21796|52.73828
0.21741|52.73775
0.21676|52.73718
0.21667|52.73712
0.21669|52.73703
0.21671|52.73698
0.21676|52.73691
0.2168|52.73687
0.21689|52.73682
0.21695|52.7368
0.21729|52.73676
0.21774|52.73675
0.21812|52.73669
0.21844|52.73661
0.21974|52.73622
0.22197|52.73567
0.22232|52.73556
0.22449|52.73551
0.22458|52.73552
0.22565|52.73575
0.22617|52.73582
0.22643|52.73583
0.22661|52.73553
0.22685|52.7353
0.22719|52.73505
0.22737|52.73494
0.22757|52.73485
0.22814|52.73464
0.22839|52.73452
0.22869|52.73435
0.22902|52.73413
0.2293|52.73385
0.22968|52.73333
0.22978|52.73321
0.23027|52.73271
0.2305|52.73244
0.23084|52.73186
0.23122|52.73132
0.23136|52.73107
0.23138|52.73097
0.23138|52.7309
0.2313|52.73062
0.23126|52.73051
0.23126|52.73045
0.23127|52.7304
0.23138|52.73028
0.23158|52.73011
0.23164|52.73005
0.23165|52.72993
0.23141|52.72881
0.23135|52.7286
0.23188|52.72851
0.232|52.72847
0.23211|52.72845
0.23232|52.72837
0.2324|52.7283
0.23246|52.72822
0.23267|52.72786
0.23286|52.72761
0.23287|52.72759
0.23294|52.72753
0.23303|52.72732
0.2331|52.72684
0.23317|52.72608
0.23317|52.72599
0.23314|52.7259
0.23298|52.72565
0.23265|52.72523
0.23241|52.72487
0.23208|52.72421
0.23205|52.72417
0.23202|52.72415
0.23181|52.72409
0.2307|52.72408
0.23199|52.7216
0.23208|52.72145
0.23266|52.72063
0.23288|52.72028
0.23328|52.71933
0.23334|52.71921
0.23346|52.71891
0.23356|52.71873
0.23373|52.71858
0.23451|52.71814
0.2348|52.71787
0.23493|52.71766
0.23529|52.71697
0.23565|52.71622
0.23568|52.71617
0.23635|52.71478
0.23694|52.71347
0.24047|52.7136
0.24072|52.71359
0.24104|52.7136
0.24172|52.71366
0.24207|52.71367
0.243|52.71362
0.24329|52.71362
0.24428|52.71369
0.2451|52.7137
0.24558|52.71368
0.24617|52.71368
0.24696|52.71373
0.24739|52.71378
0.24823|52.71384
0.25114|52.71385
0.25208|52.71377
0.25259|52.71376
0.25358|52.71382
0.25391|52.71386
0.25397|52.71388
0.25419|52.71399
0.25453|52.7141
0.25528|52.71428
0.25593|52.71439
0.25669|52.71447
0.2572|52.71449
0.25739|52.71448
0.2574|52.71468
0.25738|52.71527
0.25711|52.71683
0.25699|52.71739
0.25684|52.71831
0.25735|52.71829
0.26926|52.71722
0.27418|52.71696
0.27714|52.71685
0.27847|52.71676
0.27899|52.71794
0.27919|52.71834
0.27954|52.71915
0.28123|52.719
0.28143|52.71896
0.28174|52.71883
0.28202|52.71879
0.28472|52.71866
0.28505|52.71863
0.28526|52.71857
0.28535|52.71853
0.2854|52.71852
0.28575|52.71832
0.28597|52.71821
0.28617|52.71813
0.28784|52.71758
0.28956|52.71713
0.29035|52.71699
0.2912|52.71678
0.29225|52.71643
0.29406|52.71573
0.29539|52.71531
0.29513|52.71506
0.2948|52.71481
0.29289|52.71359
0.29258|52.71335
0.29247|52.71325
0.29222|52.71298
0.29205|52.71274
0.29201|52.71264
0.2919|52.71244
0.29185|52.71206
0.29186|52.7118
0.292|52.71138
0.29214|52.71112
0.29246|52.71072
0.29283|52.7103
0.29304|52.71002
0.29311|52.70985
0.29314|52.70974
0.29316|52.70956
0.29314|52.70926
0.2931|52.70912
0.29314|52.70926
0.29316|52.70956
0.29314|52.70974
0.29311|52.70985
0.29304|52.71002
0.29283|52.7103
0.29246|52.71072
0.29214|52.71112
0.292|52.71138
0.29186|52.7118
0.29185|52.71206
0.2919|52.71244
0.29201|52.71264
0.29205|52.71274
0.29222|52.71298
0.29247|52.71325
0.29258|52.71335
0.29289|52.71359
0.2948|52.71481
0.29513|52.71506
0.29547|52.71539
0.29574|52.71572
0.29599|52.71609
0.29799|52.71931
0.2984|52.71983
0.2989|52.72038
0.30011|52.72153
0.30061|52.72193
0.30099|52.72216
0.30435|52.72398
0.30572|52.72481
0.30605|52.72505
0.30732|52.72582
0.30767|52.72594
0.3079|52.72599
0.30893|52.72613
0.31001|52.72632
0.31092|52.72652
0.31193|52.72957
0.31203|52.72979
0.31211|52.73005
0.31219|52.73039
0.31215|52.73053
0.31374|52.73106
0.31587|52.73164
0.31609|52.73175
0.31627|52.73188
0.31675|52.73262
0.31724|52.7333
0.31735|52.73342
0.31744|52.7335
0.31756|52.73357
0.31789|52.73373
0.31854|52.73397
0.31865|52.73405
0.3188|52.73421
0.31886|52.73433
0.31908|52.73512
0.31912|52.73523
0.31918|52.73532
0.31933|52.73542
0.31955|52.73554
0.31989|52.73567
0.32043|52.73583
0.32066|52.73592
0.32078|52.73602
0.32091|52.7362
0.32096|52.73637
0.32099|52.73684
0.32096|52.7372
0.32086|52.73768
0.32072|52.73865
0.3207|52.73911
0.32062|52.73933
0.32049|52.73952
0.32016|52.7398
0.31961|52.74022
0.31915|52.74065
0.31896|52.74087
0.31877|52.74126
0.31855|52.7415
0.3184|52.74164
0.31831|52.74171
0.31801|52.742
0.31781|52.74214
0.31744|52.74232
0.31719|52.74247
0.31666|52.74289
0.31645|52.74303
0.31622|52.7431
0.31574|52.7432
0.31511|52.74344
0.31483|52.74359
0.31454|52.7438
0.31411|52.74418
0.31327|52.74484
0.31283|52.74534
0.31252|52.74566
0.31237|52.74586
0.31227|52.74606
0.3122|52.74639
0.31217|52.74647
0.31217|52.74673
0.30157|52.74659
0.29932|52.7466
0.29886|52.74656
0.29602|52.7465
0.29597|52.74689
0.29559|52.74799
0.29559|52.74802
0.2955|52.74844
0.29552|52.74919
0.2956|52.75021
0.29574|52.7515
0.29571|52.75173
0.29569|52.75201
0.29564|52.75233
0.29559|52.75254
0.29537|52.75329
0.29529|52.75372
0.29527|52.75417
0.29529|52.75432
0.29575|52.75433
0.29592|52.75432
0.2967|52.75422
0.29703|52.75411
0.2974|52.75394
0.29771|52.75374
0.29782|52.75364
0.29791|52.75358
0.29799|52.75358
0.29818|52.75361
0.2984|52.75368
0.29904|52.75377
0.29909|52.75379
0.2991|52.75382
0.29861|52.75518
0.29825|52.75515
0.29723|52.75511
0.296|52.75498
0.29583|52.75541
0.2958|52.75557
0.29584|52.75581
0.29585|52.75598
0.29587|52.75609
0.29592|52.75628
0.296|52.7565
0.29635|52.75716
0.29667|52.75805
0.29718|52.75897
0.29724|52.75911
0.29727|52.75923
0.2973|52.75952
0.2973|52.75976
0.29731|52.75977
0.29735|52.75985
0.2978|52.76036
0.29801|52.76055
0.29885|52.76163
0.29895|52.76178
0.29907|52.76205
0.29911|52.76221
0.2992|52.76247
0.29944|52.76286
0.2996|52.76308
0.3001|52.76362
0.30024|52.76374
0.30035|52.7638
0.30051|52.76385
0.30073|52.76387
0.30208|52.76383
0.30239|52.76384
0.3027|52.76391
0.30342|52.76413
0.30399|52.76427
0.30445|52.76433
0.30485|52.76436
0.30544|52.76437
0.30567|52.76436
0.30594|52.76432
0.30617|52.7643
0.30656|52.76433
0.3075|52.76451
0.30838|52.76462
0.31012|52.76475
0.31093|52.76473
0.31145|52.76466
0.31188|52.76457
0.31308|52.76423
0.31349|52.76413
0.31396|52.76404
0.31483|52.76395
0.31529|52.76388
0.31531|52.76388
0.31589|52.76379
0.31633|52.76375
0.31664|52.76374
0.31665|52.76373
0.31832|52.76383
0.31847|52.76383
0.31852|52.76382
0.31854|52.76382
0.31863|52.76379
0.31871|52.76374
0.31928|52.76294
0.31986|52.76222
0.32046|52.76152
0.32093|52.76102
0.32129|52.76059
0.32142|52.76041
0.32145|52.76039
0.32315|52.75776
0.32316|52.75773
0.32368|52.75676
0.324|52.7568
0.32608|52.75692
0.33013|52.75708
0.33424|52.75751
0.33547|52.75754
0.33653|52.75738
0.33654|52.75737
0.33732|52.75725
0.33806|52.75717
0.339|52.75716
0.34017|52.75724
0.34019|52.75723
0.34021|52.75723
0.34024|52.7572
0.3405|52.75723
0.34324|52.75782
0.34427|52.75798
0.34482|52.75803
0.34543|52.75805
0.35087|52.7577
0.35162|52.75762
0.35201|52.75756
0.35463|52.757
0.35537|52.75682
0.35756|52.75616
0.35803|52.75607
0.35847|52.75601
0.35903|52.756
0.35992|52.75604
0.36218|52.75622
0.36282|52.75621
0.36584|52.75597
0.36805|52.75573
0.36872|52.75559
0.36916|52.75542
0.37133|52.75411
0.37171|52.75394
0.37316|52.75339
0.37317|52.75339
0.37368|52.75317
0.37409|52.75294
0.37511|52.75226
0.37541|52.75209
0.37567|52.75196
0.37599|52.75184
0.37649|52.75169
0.37704|52.75159
0.38089|52.75102
0.38212|52.7507
0.38232|52.75063
0.38253|52.75052
0.38273|52.75039
0.38294|52.75041
0.38326|52.75039
0.38341|52.75036
0.38361|52.75068
0.38379|52.75106
0.38397|52.75124
0.38379|52.75106
0.38361|52.75068
0.38341|52.75036
0.38326|52.75039
0.38294|52.75041
0.38273|52.75039
0.38284|52.75025
0.38412|52.74731
0.38418|52.74709
0.38421|52.74657
0.38415|52.74609
0.38404|52.74572
0.38386|52.74541
0.38434|52.74522
0.38455|52.74515
0.3846|52.74512
0.3846|52.74509
0.38473|52.74462
0.38489|52.74387
0.38497|52.74339
0.3853|52.74179
0.38535|52.74164
0.38543|52.74149
0.38572|52.74126
0.3861|52.74104
0.38806|52.74002
0.38813|52.74008
0.38866|52.74046
0.38939|52.74088
0.39009|52.74122
0.39177|52.74282
0.39219|52.7433
0.39384|52.74552
0.39439|52.74665
0.3946|52.74703
0.39465|52.74714
0.3947|52.74719
0.39476|52.74723
0.39483|52.74726
0.39495|52.74729
0.39511|52.74729
0.3953|52.74726
0.39541|52.74726
0.39555|52.74729
0.39559|52.74729
0.39558|52.74732
0.39559|52.74734
0.3956|52.74738
0.39566|52.74745
0.39573|52.74755
0.39581|52.74764
0.39592|52.74773
0.39636|52.74799
0.3965|52.7481
0.39656|52.74819
0.39659|52.74822
0.39665|52.74826
0.39674|52.74826
0.39698|52.74821
0.39696|52.74826
0.39696|52.74847
0.39698|52.74875
0.397|52.74881
0.397|52.74899
0.39697|52.7491
0.39697|52.74913
0.39702|52.7493
0.39702|52.74932
0.39704|52.74934
0.39709|52.74937
0.39712|52.74938
0.39718|52.74941
0.39717|52.74943
0.39716|52.74947
0.39717|52.74953
0.39727|52.74983
0.39727|52.74989
0.39725|52.74993
0.39687|52.75026
0.39679|52.75031
0.39685|52.75049
0.39678|52.75049
0.39677|52.7505
0.39676|52.7505
0.39676|52.75051
0.39675|52.75051
0.39675|52.75052
0.39674|52.75052
0.39674|52.75055
0.39675|52.75055
0.39662|52.75059
0.39658|52.75065
0.3964|52.751
0.39635|52.75114
0.39625|52.75164
0.39624|52.75177
0.3966|52.75178
0.39815|52.75171
0.39809|52.75212
0.39787|52.75255
0.39777|52.75289
0.39778|52.75315
0.3978|52.75325
0.39782|52.75327
0.39785|52.75329
0.39797|52.75334
0.39795|52.75341
0.39797|52.75346
0.39846|52.75375
0.39857|52.75377
0.39869|52.75377
0.39875|52.75376
0.39883|52.75372
0.39933|52.75372
0.3994|52.75373
0.39959|52.75378
0.40082|52.75377
0.40083|52.75387
0.40084|52.75424
0.40275|52.75417
0.40273|52.75432
0.40275|52.75444