0.36551|52.60411
0.36545|52.60393
0.36543|52.60391
0.36538|52.60389
0.36533|52.60389
0.36531|52.60388
0.3653|52.60387
0.3653|52.60385
0.36527|52.6037
0.36539|52.60369
0.36621|52.60357
0.36693|52.6035
0.36801|52.60336
0.36813|52.60333
0.36827|52.60324
0.36827|52.60325
0.3683|52.60325
0.3683|52.60326
0.36835|52.60326
0.36835|52.60325
0.36838|52.60325
0.36838|52.60324
0.36839|52.60324
0.3684|52.60323
0.3684|52.60322
0.36841|52.60322
0.36841|52.60319
0.3684|52.60319
0.3684|52.60318
0.36839|52.60318
0.36848|52.60315
0.36875|52.603
0.36917|52.60288
0.36983|52.60275
0.37015|52.60272
0.37072|52.60271
0.37117|52.60273
0.37226|52.60283
0.37285|52.60284
0.37293|52.60285
0.373|52.60285
0.37359|52.6029
0.37402|52.60292
0.37515|52.60288
0.3754|52.60286
0.37698|52.6029
0.37781|52.60296
0.37788|52.60307
0.3781|52.60331
0.37863|52.60376
0.37861|52.60377
0.37861|52.60379
0.37863|52.60381
0.37865|52.60382
0.37868|52.60382
0.37871|52.60381
0.37872|52.6038
0.37872|52.60379
0.37878|52.60381
0.37882|52.60383
0.37901|52.60395
0.37914|52.60402
0.37915|52.60403
0.37929|52.6041
0.37937|52.60411
0.37944|52.60411
0.3795|52.60412
0.37957|52.60412
0.37967|52.60413
0.38003|52.60412
0.38063|52.60414
0.38146|52.60414
0.38171|52.60413
0.38229|52.60407
0.3835|52.60372
0.38426|52.60352
0.38519|52.60333
0.38654|52.60299
0.38662|52.60298
0.38709|52.60287
0.38734|52.60283
0.38771|52.60279
0.38893|52.60274
0.38893|52.60282
0.38896|52.60285
0.38905|52.60288
0.39077|52.60286
0.391|52.60287
0.39104|52.60286
0.39107|52.60286
0.39109|52.60285
0.39116|52.6028
0.39193|52.6029
0.39195|52.6029
0.39412|52.60319
0.39501|52.60334
0.39559|52.60347
0.39776|52.60406
0.39856|52.60424
0.39894|52.60438
0.39913|52.60449
0.39916|52.60452
0.39917|52.60454
0.39918|52.60455
0.3992|52.60456
0.39922|52.60458
0.39933|52.60464
0.3994|52.60466
0.39953|52.60468
0.39967|52.60468
0.39974|52.60467
0.39986|52.60464
0.39988|52.60464
0.39989|52.60463
0.39993|52.60461
0.39994|52.60461
0.39996|52.6046
0.40025|52.60453
0.40048|52.60451
0.40058|52.60452
0.40074|52.60452
0.4008|52.60451
0.40316|52.60468
0.41226|52.60569
0.41408|52.60595
0.41604|52.60634
0.41684|52.60653
0.41846|52.60697
0.42412|52.60865
0.42453|52.60875
0.42533|52.60891
0.42679|52.60908
0.43055|52.60939
0.4314|52.6095
0.43153|52.60926
0.43208|52.60847
0.43232|52.60818
0.43234|52.60815
0.43248|52.60803
0.43254|52.60797
0.43281|52.60777
0.4331|52.60759
0.43343|52.60741
0.43356|52.60735
0.43369|52.6073
0.43381|52.60724
0.43392|52.60721
0.43431|52.60708
0.43612|52.60668
0.43689|52.60657
0.43745|52.60651
0.43967|52.60639
0.44072|52.60637
0.44223|52.6064
0.44349|52.60646
0.44352|52.60647
0.44449|52.60651
0.44451|52.60672
0.44451|52.60683
0.44454|52.60728
0.44456|52.60735
0.44463|52.60776
0.44468|52.60825
0.4447|52.60836
0.44471|52.6086
0.44469|52.60869
0.44467|52.60873
0.44465|52.60875
0.44458|52.6088
0.44452|52.60882
0.44441|52.60884
0.44418|52.60884
0.44403|52.60885
0.44399|52.60886
0.44395|52.60888
0.44391|52.60889
0.44388|52.60891
0.44385|52.60896
0.44382|52.60912
0.44388|52.60968
0.44388|52.60974
0.44389|52.60986
0.4439|52.61023
0.44389|52.6104
0.44389|52.61075
0.44401|52.61126
0.44418|52.61212
0.44415|52.6127
0.44411|52.61281
0.44406|52.61292
0.44402|52.61308
0.44868|52.61447
0.45046|52.61507
0.45048|52.61508
0.4507|52.61515
0.45198|52.61562
0.45471|52.61671
0.45472|52.61672
0.45571|52.61713
0.45644|52.61739
0.45684|52.6175
0.45922|52.61808
0.4598|52.61831
0.4608|52.61863
0.46084|52.61865
0.46235|52.61912
0.46292|52.61928
0.46369|52.61944
0.46391|52.61952
0.46404|52.6196
0.46424|52.61976
0.46446|52.61997
0.46228|52.62319
0.46211|52.62399
0.46197|52.6242
0.46184|52.6243
0.46171|52.62436
0.46147|52.62437
0.46037|52.62427
0.46018|52.62422
0.46012|52.62416
0.46013|52.62409
0.46023|52.62399
0.46038|52.62386
0.46044|52.62377
0.46044|52.62373
0.46044|52.62377
0.46038|52.62386
0.46023|52.62399
0.46013|52.62409
0.46012|52.62416
0.46018|52.62422
0.46037|52.62427
0.46147|52.62437
0.46171|52.62436
0.46184|52.6243
0.46197|52.6242
0.46211|52.62399
0.46228|52.62319
0.46446|52.61997
0.46517|52.62063
0.46541|52.62081
0.46561|52.62093
0.46586|52.62104
0.46805|52.62183
0.46877|52.62207
0.46994|52.6224
0.47366|52.62331
0.47441|52.62353
0.47898|52.62503
0.47903|52.62504
0.4791|52.62507
0.47944|52.62518
0.47976|52.62532
0.48003|52.62548
0.48023|52.62563
0.4812|52.6263
0.48284|52.62718
0.48356|52.62754
0.48375|52.62765
0.48387|52.62777
0.48403|52.62801
0.48435|52.62856
0.48395|52.62874
0.48382|52.62882
0.4837|52.62892
0.48324|52.62935
0.4831|52.62952
0.4827|52.6302
0.48258|52.63033
0.48239|52.63046
0.48218|52.63055
0.48174|52.63068
0.48155|52.63076
0.48139|52.63084
0.48099|52.63111
0.48096|52.63112
0.48069|52.63128
0.4805|52.63138
0.48032|52.63146
0.47957|52.63175
0.47956|52.63175
0.47942|52.63183
0.47889|52.6321
0.47888|52.63211
0.47696|52.63305
0.47673|52.63313
0.47649|52.6332
0.47542|52.63342
0.47532|52.63343
0.47429|52.63363
0.47423|52.63365
0.47231|52.63401
0.47229|52.63402
0.47062|52.63434
0.47052|52.63435
0.46566|52.63527
0.46551|52.63531
0.46541|52.63535
0.46533|52.63539
0.46523|52.63545
0.46458|52.63597
0.46456|52.63598
0.46426|52.63622
0.4642|52.63626
0.46394|52.63647
0.46374|52.63661
0.46315|52.63689
0.46265|52.63719
0.46233|52.63743
0.46218|52.63756
0.46211|52.63768
0.46208|52.63781
0.46209|52.63792
0.46211|52.63802
0.46213|52.63809
0.46225|52.63841
0.46227|52.63845
0.46265|52.63956
0.46282|52.64
0.46298|52.64049
0.46303|52.6407
0.46304|52.64072
0.46302|52.64075
0.46301|52.64079
0.46301|52.64084
0.46302|52.64089
0.46287|52.64105
0.46272|52.64117
0.46247|52.64132
0.46246|52.64133
0.46225|52.64144
0.46189|52.64159
0.46175|52.64166
0.46169|52.64168
0.46136|52.64185
0.46121|52.64196
0.46106|52.64214
0.46105|52.64216
0.46097|52.64248
0.46097|52.64265
0.46103|52.64297
0.46051|52.64305
0.45739|52.6437
0.45724|52.64374
0.45528|52.64415
0.45507|52.64422
0.45443|52.64452
0.45427|52.64458
0.45378|52.64468
0.45319|52.64473
0.45265|52.64475
0.45189|52.64482
0.45167|52.64486
0.4514|52.64494
0.45105|52.64508
0.45076|52.64522
0.45056|52.64536
0.45038|52.64552
0.45022|52.64568
0.45009|52.64576
0.44984|52.64588
0.44962|52.64594
0.44904|52.64604
0.44892|52.64605
0.44887|52.6463
0.44882|52.64648
0.44871|52.64674
0.44858|52.64697
0.44844|52.64718
0.44823|52.64746
0.4476|52.64823
0.4476|52.64824
0.44653|52.64952
0.44635|52.64979
0.4462|52.65004
0.44617|52.65008
0.44605|52.65032
0.4459|52.6507
0.44582|52.65096
0.44581|52.65098
0.44541|52.65246
0.44532|52.65272
0.44517|52.65325
0.44516|52.65325
0.44508|52.65353
0.44497|52.65385
0.4448|52.65441
0.44439|52.65562
0.4443|52.65593
0.44144|52.66478
0.44135|52.665
0.44131|52.66513
0.44126|52.66525
0.44123|52.6653
0.44115|52.66548
0.44092|52.66591
0.43859|52.66981
0.43884|52.66983
0.43934|52.66996
0.43942|52.66997
0.44254|52.67056
0.4427|52.67058
0.44275|52.6706
0.44285|52.6706
0.44293|52.67058
0.44296|52.67056
0.44298|52.67054
0.443|52.67051
0.4432|52.66975
0.44322|52.66972
0.44327|52.66967
0.4433|52.66965
0.44334|52.66963
0.44337|52.66961
0.44361|52.66954
0.44364|52.66954
0.44381|52.6695
0.44429|52.66942
0.44535|52.66933
0.4454|52.66933
0.44568|52.6693
0.44588|52.6693
0.44592|52.66931
0.44595|52.66934
0.44595|52.66936
0.44596|52.66938
0.44602|52.67001
0.44607|52.67028
0.44613|52.67044
0.4463|52.67079
0.44633|52.67091
0.44634|52.6711
0.44631|52.67129
0.44626|52.67143
0.44626|52.67145
0.44623|52.67163
0.44623|52.67175
0.44626|52.67189
0.44626|52.67203
0.44622|52.67222
0.4461|52.67251
0.44572|52.67357
0.4457|52.67364
0.44559|52.67392
0.44557|52.67399
0.44531|52.67469
0.44528|52.6748
0.44521|52.67497
0.44519|52.67504
0.44503|52.67548
0.44519|52.67504
0.44521|52.67497
0.44528|52.6748
0.44531|52.67469
0.44557|52.67399
0.44559|52.67392
0.4457|52.67364
0.44572|52.67357
0.4461|52.67251
0.44622|52.67222
0.44626|52.67203
0.44626|52.67189
0.44623|52.67175
0.44623|52.67163
0.44626|52.67145
0.44626|52.67143
0.44631|52.67129
0.44634|52.6711
0.44633|52.67091
0.4463|52.67079
0.44613|52.67044
0.44607|52.67028
0.44602|52.67001
0.44596|52.66938
0.44595|52.66936
0.44595|52.66934
0.44593|52.66932
0.44595|52.66934
0.44595|52.66936
0.44596|52.66938
0.44602|52.67001
0.44607|52.67028
0.44613|52.67044
0.4463|52.67079
0.44633|52.67091
0.44634|52.6711
0.44631|52.67129
0.44626|52.67143
0.44626|52.67145
0.44623|52.67163
0.44623|52.67175
0.44626|52.67189
0.44626|52.67203
0.44622|52.67222
0.4461|52.67251
0.44572|52.67357
0.4457|52.67364
0.44559|52.67392
0.44557|52.67399
0.44531|52.67469
0.44528|52.6748
0.44521|52.67497
0.44519|52.67504
0.44503|52.67548
0.44503|52.6755
0.44495|52.67575
0.44448|52.67698
0.44541|52.67717
0.44551|52.67721
0.44897|52.67795
0.44927|52.678
0.45066|52.67828
0.45135|52.6784
0.45223|52.67862
0.45262|52.67869
0.45286|52.67871
0.45314|52.67871
0.45332|52.67868
0.45405|52.67851
0.45428|52.67835
0.45457|52.67817
0.45488|52.67793
0.45499|52.67788
0.45509|52.67787
0.45524|52.67787
0.45595|52.67794
0.45653|52.67802
0.45698|52.6781
0.45702|52.6781
0.45717|52.67813
0.45736|52.67818
0.45781|52.67826
0.45784|52.67827
0.45958|52.67848
0.45992|52.67838
0.46098|52.67823
0.46129|52.6782
0.46166|52.6782
0.46187|52.67821
0.46373|52.67838
0.46539|52.67849
0.4681|52.67883
0.47041|52.67922
0.47084|52.67928
0.47158|52.67933
0.47217|52.67939
0.4722|52.67939
0.47303|52.67951
0.47306|52.67951
0.4733|52.67957
0.4737|52.67972
0.47452|52.68012
0.47543|52.68032
0.47575|52.68045
0.47512|52.68119
0.47435|52.68219
0.47418|52.68249
0.47382|52.68333
0.47371|52.68355
0.47336|52.68411
0.47282|52.68404
0.47227|52.68392
0.47041|52.6834
0.4701|52.68335
0.47017|52.68344
0.4702|52.68351
0.47021|52.68358
0.4702|52.68366
0.47012|52.68396
0.4701|52.68401
0.46999|52.68441
0.46994|52.68454
0.46838|52.69004
0.46836|52.69022
0.46836|52.69036
0.46837|52.6904
0.46838|52.69053
0.46867|52.69144
0.46892|52.69235
0.46893|52.69237
0.46912|52.6931
0.46943|52.69408
0.4697|52.69504
0.46988|52.69561
0.46998|52.696
0.47059|52.69808
0.47072|52.69848
0.47109|52.69931
0.4715|52.70017
0.47162|52.70052
0.47217|52.70043
0.47219|52.70043
0.47248|52.70036
0.47298|52.70032
0.4733|52.70032
0.47342|52.70033
0.47357|52.70038
0.47375|52.70034
0.47386|52.70033
0.47433|52.70034
0.47444|52.70035
0.47526|52.70037
0.47533|52.70036
0.4759|52.70035
0.47709|52.70039
0.47977|52.70039
0.48084|52.7005
0.48161|52.70061
0.48226|52.70073
0.48308|52.70091
0.48318|52.70096
0.48333|52.70106
0.48346|52.70117
0.48354|52.70126
0.48369|52.70145
0.48371|52.70161
0.48371|52.70167
0.48373|52.70172
0.48378|52.70179
0.48383|52.70183
0.48394|52.70194
0.48429|52.7022
0.48466|52.70243
0.48467|52.70244
0.48495|52.7026
0.48622|52.70326
0.48807|52.70429
0.48858|52.70455
0.49052|52.70565
0.49234|52.70697
0.49674|52.71027
0.49702|52.71051
0.49723|52.71073
0.49746|52.71093
0.49769|52.71111
0.49827|52.71152
0.49847|52.71171
0.49869|52.7119
0.49934|52.71231
0.49932|52.71219
0.49914|52.71168
0.50144|52.71133
0.50321|52.71094
0.50583|52.71049
0.50625|52.71044
0.50639|52.71058
0.50657|52.71084
0.50669|52.71097
0.50674|52.711
0.50686|52.71102
0.50694|52.71102
0.50703|52.71101
0.50797|52.71083
0.50934|52.71062
0.50988|52.71062
0.51001|52.7106
0.51013|52.71057
0.51022|52.71054
0.51078|52.71015
0.51133|52.7099
0.51174|52.70974
0.51291|52.70989
0.51356|52.70954
0.51357|52.70953
0.51433|52.70915
0.51454|52.70906
0.51433|52.70915
0.51357|52.70953
0.51356|52.70954
0.51291|52.70989
0.51174|52.70974
0.51133|52.7099
0.51078|52.71015
0.51022|52.71054
0.51013|52.71057
0.51001|52.7106
0.50988|52.71062
0.50934|52.71062
0.50797|52.71083
0.50703|52.71101
0.50694|52.71102
0.50686|52.71102
0.50674|52.711
0.50669|52.71097
0.50657|52.71084
0.50639|52.71058
0.50625|52.71044
0.50583|52.71049
0.50321|52.71094
0.50144|52.71133
0.49914|52.71168
0.49932|52.71219
0.49934|52.71231
0.50255|52.71673
0.50257|52.71675
0.50277|52.71704
0.50282|52.71713
0.50284|52.71721
0.50284|52.71726
0.50279|52.71752
0.50279|52.71758
0.50278|52.7176
0.50278|52.71765
0.50277|52.71773
0.50277|52.71788
0.50417|52.71786
0.50509|52.7178
0.50636|52.71765
0.50757|52.71744
0.50823|52.71728
0.50829|52.71727
0.51019|52.71671
0.51115|52.71652
0.51228|52.71638
0.51305|52.71633
0.51302|52.71598
0.51302|52.7159
0.51297|52.71528
0.5129|52.71328
0.51288|52.71047
0.51291|52.70989
0.51174|52.70974
0.51133|52.7099
0.51078|52.71015
0.51022|52.71054
0.51013|52.71057
0.51001|52.7106
0.50988|52.71062
0.50934|52.71062
0.50797|52.71083
0.50703|52.71101
0.50694|52.71102
0.50686|52.71102
0.50674|52.711
0.50669|52.71097
0.50657|52.71084
0.50639|52.71058
0.50625|52.71044
0.50639|52.71058
0.50657|52.71084
0.50669|52.71097
0.50674|52.711
0.50686|52.71102
0.50694|52.71102
0.50703|52.71101
0.50797|52.71083
0.50934|52.71062
0.50988|52.71062
0.51001|52.7106
0.51013|52.71057
0.51022|52.71054
0.51078|52.71015
0.51133|52.7099
0.51174|52.70974
0.51291|52.70989
0.51356|52.70954
0.51357|52.70953
0.51433|52.70915
0.5169|52.708
0.51728|52.70781
0.5175|52.70768
0.51789|52.70741
0.51806|52.70726
0.51817|52.70714
0.5182|52.70712
0.51829|52.70697
0.51844|52.70658
0.51849|52.70641
0.51852|52.70623
0.51851|52.70619
0.51851|52.70611
0.51839|52.70589
0.5179|52.70525
0.51769|52.70484
0.51741|52.70434
0.5172|52.704
0.51719|52.70399
0.51701|52.70372
0.51635|52.70287
0.51618|52.70257
0.52148|52.70297
0.52359|52.70351
0.52712|52.70414
0.52729|52.70416
0.52761|52.70425
0.52937|52.70464
0.5301|52.70483
0.53036|52.70491
0.53288|52.70595
0.53363|52.7063
0.53405|52.70648
0.53409|52.70649
0.53443|52.70664
0.53496|52.70693
0.53627|52.70749
0.53711|52.70788
0.53712|52.70789
0.5372|52.70793
0.53729|52.708
0.53747|52.70823
0.53766|52.70852
0.53795|52.70844
0.53848|52.70833
0.53893|52.70826
0.53934|52.70755
0.53937|52.70747
0.53938|52.70742
0.53936|52.70718
0.53938|52.70742
0.53937|52.70747
0.53934|52.70755
0.53893|52.70826
0.53848|52.70833
0.53795|52.70844
0.53766|52.70852
0.53747|52.70823
0.53729|52.708
0.5372|52.70793
0.53712|52.70789
0.53711|52.70788
0.53627|52.70749
0.53496|52.70693
0.53443|52.70664
0.53409|52.70649
0.53405|52.70648
0.53363|52.7063
0.53288|52.70595
0.53036|52.70491
0.5301|52.70483
0.52937|52.70464
0.52761|52.70425
0.52729|52.70416
0.52712|52.70414
0.52359|52.70351
0.52148|52.70297
0.51618|52.70257
0.51635|52.70287
0.51701|52.70372
0.51719|52.70399
0.5172|52.704
0.51741|52.70434
0.51769|52.70484
0.5179|52.70525
0.51839|52.70589
0.51851|52.70611
0.51851|52.70619
0.51852|52.70623
0.51849|52.70641
0.51844|52.70658
0.51829|52.70697
0.5182|52.70712
0.51817|52.70714
0.51806|52.70726
0.51789|52.70741
0.5175|52.70768
0.51728|52.70781
0.5169|52.708
0.51433|52.70915
0.51357|52.70953
0.51356|52.70954
0.51291|52.70989
0.51174|52.70974
0.51133|52.7099
0.51078|52.71015
0.51022|52.71054
0.51013|52.71057
0.51001|52.7106
0.50988|52.71062
0.50934|52.71062
0.50797|52.71083
0.50703|52.71101
0.50694|52.71102
0.50686|52.71102
0.50674|52.711
0.50669|52.71097
0.50657|52.71084
0.50639|52.71058
0.50625|52.71044
0.50583|52.71049
0.50321|52.71094
0.50144|52.71133
0.49914|52.71168
0.49932|52.71219
0.49934|52.71231
0.49869|52.7119
0.49847|52.71171
0.49827|52.71152
0.49769|52.71111
0.49746|52.71093
0.49723|52.71073
0.49702|52.71051
0.49674|52.71027
0.49234|52.70697
0.49052|52.70565
0.48858|52.70455
0.48807|52.70429
0.48622|52.70326
0.48495|52.7026
0.48467|52.70244
0.48466|52.70243
0.48429|52.7022
0.48394|52.70194
0.48383|52.70183
0.48378|52.70179
0.48373|52.70172
0.48371|52.70167
0.48371|52.70161
0.48369|52.70145
0.48354|52.70126
0.48346|52.70117
0.48333|52.70106
0.48318|52.70096
0.48308|52.70091
0.48226|52.70073
0.48161|52.70061
0.48084|52.7005
0.47977|52.70039
0.47709|52.70039
0.4759|52.70035
0.47533|52.70036
0.47526|52.70037
0.47444|52.70035
0.47433|52.70034
0.47386|52.70033
0.47375|52.70034
0.47357|52.70038
0.47342|52.70033
0.4733|52.70032
0.47298|52.70032
0.47248|52.70036
0.47219|52.70043
0.47217|52.70043
0.47162|52.70052
0.4715|52.70017
0.47109|52.69931
0.47072|52.69848
0.47059|52.69808
0.46998|52.696
0.46988|52.69561
0.4697|52.69504
0.46943|52.69408
0.46912|52.6931
0.46893|52.69237
0.46892|52.69235
0.46867|52.69144
0.46838|52.69053
0.46837|52.6904
0.46836|52.69036
0.46836|52.69022
0.46838|52.69004
0.46994|52.68454
0.46999|52.68441
0.4701|52.68401
0.47012|52.68396
0.4702|52.68366
0.47021|52.68358
0.4702|52.68351
0.47017|52.68344
0.4701|52.68335
0.47041|52.6834
0.47227|52.68392
0.47282|52.68404
0.47336|52.68411
0.47371|52.68355
0.47382|52.68333
0.47418|52.68249
0.47435|52.68219
0.47512|52.68119
0.47575|52.68045
0.47512|52.68119
0.47435|52.68219
0.47418|52.68249
0.47382|52.68333
0.47371|52.68355
0.47336|52.68411
0.47282|52.68404
0.47227|52.68392
0.47041|52.6834
0.4701|52.68335
0.47017|52.68344
0.4702|52.68351
0.47021|52.68358
0.4702|52.68366
0.47012|52.68396
0.4701|52.68401
0.46999|52.68441
0.46994|52.68454
0.46838|52.69004
0.46836|52.69022
0.46836|52.69036
0.46837|52.6904
0.46838|52.69053
0.46867|52.69144
0.46892|52.69235
0.46893|52.69237
0.46912|52.6931
0.46943|52.69408
0.4697|52.69504
0.46988|52.69561
0.46998|52.696
0.47059|52.69808
0.47072|52.69848
0.47109|52.69931
0.4715|52.70017
0.47162|52.70052
0.47217|52.70043
0.47219|52.70043
0.47248|52.70036
0.47298|52.70032
0.4733|52.70032
0.47342|52.70033
0.47357|52.70038
0.47375|52.70034
0.47386|52.70033
0.47433|52.70034
0.47444|52.70035
0.47526|52.70037
0.47533|52.70036
0.4759|52.70035
0.47709|52.70039
0.47977|52.70039
0.48084|52.7005
0.48161|52.70061
0.48226|52.70073
0.48308|52.70091
0.48318|52.70096
0.48333|52.70106
0.48346|52.70117
0.48354|52.70126
0.48369|52.70145
0.48371|52.70161
0.48371|52.70167
0.48373|52.70172
0.48378|52.70179
0.48383|52.70183
0.48394|52.70194
0.48429|52.7022
0.48466|52.70243
0.48467|52.70244
0.48495|52.7026
0.48622|52.70326
0.48807|52.70429
0.48858|52.70455
0.49052|52.70565
0.49234|52.70697
0.49674|52.71027
0.49702|52.71051
0.49723|52.71073
0.49746|52.71093
0.49769|52.71111
0.49827|52.71152
0.49847|52.71171
0.49869|52.7119
0.49934|52.71231
0.50255|52.71673
0.50257|52.71675
0.50277|52.71704
0.50282|52.71713
0.50284|52.71721
0.50284|52.71726
0.50279|52.71752
0.50279|52.71758
0.50278|52.7176
0.50278|52.71765
0.50277|52.71773
0.50277|52.71788
0.50417|52.71786
0.50509|52.7178
0.50636|52.71765
0.50757|52.71744
0.50823|52.71728
0.50829|52.71727
0.51019|52.71671
0.51115|52.71652
0.51228|52.71638
0.51456|52.71625
0.51575|52.71612
0.51647|52.71599
0.51703|52.71586
0.51792|52.71557
0.51891|52.71515
0.52152|52.71385
0.52201|52.71363
0.52241|52.71347
0.52322|52.71319
0.53185|52.71039
0.53248|52.71021
0.53474|52.70975
0.53499|52.70968
0.53522|52.7096
0.53543|52.70951
0.53645|52.70899
0.53686|52.7088
0.53745|52.70858
0.53795|52.70844
0.53848|52.70833
0.53893|52.70826
0.53934|52.70755
0.53937|52.70747
0.53938|52.70742
0.53936|52.70718
0.53936|52.70705
0.53935|52.70691
0.53935|52.70668
0.53936|52.70665
0.53937|52.70658
0.53939|52.70651
0.53942|52.70645
0.53952|52.70631
0.53971|52.70615
0.53986|52.70605
0.54046|52.7057
0.54066|52.70555
0.54071|52.7055
0.54083|52.7054
0.54087|52.70535
0.54093|52.70529
0.54115|52.70495
0.54153|52.70397
0.54154|52.70396
0.54214|52.70258
0.54268|52.70157
0.54269|52.70156
0.5429|52.70112
0.54295|52.70096
0.543|52.70051
0.5431|52.70015
0.54313|52.70009
0.54375|52.69859
0.54393|52.69785
0.5441|52.69723
0.54413|52.69704
0.54417|52.69686
0.54417|52.69684
0.54436|52.6958
0.54438|52.69562
0.54436|52.69551
0.54433|52.69545
0.5442|52.69527
0.54417|52.69517
0.54418|52.69509
0.54424|52.69492
0.54431|52.69482
0.54436|52.69479
0.5444|52.69476
0.54444|52.69475
0.54452|52.69472
0.54509|52.6946
0.54637|52.69445
0.54745|52.6944
0.54903|52.69442
0.54982|52.69448
0.5506|52.69458
0.5512|52.6947
0.55193|52.69481
0.55376|52.69488
0.55583|52.69485
0.55615|52.69483
0.55792|52.69465
0.55952|52.69453
0.56014|52.6945
0.5618|52.69449
0.56291|52.69456
0.56371|52.69455
0.56383|52.69456
0.56391|52.69456
0.56398|52.69457
0.56402|52.69457
0.56409|52.69458
0.56417|52.69458
0.56447|52.69461
0.56451|52.69461
0.56488|52.69468
0.56532|52.69474
0.56536|52.69473
0.56543|52.69472
0.56545|52.69484
0.56547|52.6949
0.56547|52.69491
0.56551|52.69499
0.56554|52.69503
0.56559|52.69507
0.56571|52.69513
0.56642|52.69554
0.56653|52.69559
0.56662|52.69562
0.56673|52.69564
0.56684|52.69565
0.56719|52.69566
0.56894|52.69564
0.56902|52.69565
0.5692|52.69571
0.56924|52.69574
0.56932|52.69582
0.56959|52.69613
0.57151|52.69818
0.57689|52.69587
0.57723|52.69611
0.57762|52.6971
0.57827|52.6986
0.57829|52.69866
0.57867|52.69953
0.57902|52.70041
0.57914|52.70067
0.57918|52.70073
0.5792|52.70075
0.57923|52.70079
0.57928|52.70084
0.57934|52.70089
0.5795|52.70098
0.57999|52.70116
0.58034|52.70127
0.58075|52.70145
0.58125|52.70171
0.58326|52.70261
0.58437|52.70299
0.58495|52.70316
0.58587|52.70339
0.58612|52.70344
0.5864|52.70352
0.5865|52.70354
0.58746|52.70387
0.58771|52.70394
0.58847|52.70419
0.58865|52.70428
0.58878|52.70437
0.58886|52.70444
0.58896|52.70455
0.58902|52.7047
0.58912|52.7051
0.58918|52.70526
0.58929|52.70546
0.58946|52.70566
0.58953|52.70576
0.5896|52.70589
0.58964|52.70601
0.58966|52.70617
0.58964|52.70633
0.58961|52.70642
0.58956|52.70653
0.58932|52.70691
0.58923|52.70712
0.58923|52.70724
0.58925|52.70735
0.5893|52.70748
0.58936|52.70757
0.58951|52.70771
0.58968|52.70784
0.5899|52.70798
0.59005|52.70809
0.59016|52.70821
0.59023|52.70831
0.59033|52.70865
0.59037|52.70883
0.59043|52.70901
0.59046|52.70907
0.59048|52.70918
0.59048|52.7093
0.59046|52.70949
0.58962|52.71384
0.5895|52.71455
0.5894|52.71495
0.58932|52.71504
0.58921|52.7152
0.58741|52.71713
0.58711|52.71747
0.58636|52.71823
0.58632|52.71825
0.58629|52.71827
0.58423|52.71875
0.58421|52.71876
0.58372|52.71887
0.58339|52.71893
0.58307|52.71897
0.58292|52.71898
0.58129|52.71895
0.58107|52.71897
0.58075|52.71908
0.58066|52.71914
0.58056|52.71924
0.58014|52.71977
0.57989|52.72006
0.57958|52.72034
0.57942|52.72047
0.57916|52.72075
0.57908|52.72087
0.57902|52.72102
0.57878|52.72177
0.57862|52.72214
0.57702|52.725
0.57664|52.72571
0.57433|52.73069
0.57371|52.73215
0.57359|52.7325
0.57357|52.73254
0.57335|52.7332
0.57334|52.73325
0.57306|52.7339
0.5727|52.7344
0.57346|52.73463
0.574|52.73477
0.57432|52.73482
0.57445|52.73483
0.57467|52.73483
0.57484|52.73484
0.57505|52.73487
0.57534|52.73497
0.57623|52.73538
0.5767|52.73556
0.57719|52.73572
0.57859|52.73608
0.57954|52.73637
0.58018|52.73653
0.58074|52.73663
0.58121|52.73669
0.58137|52.7367
0.58153|52.73673
0.58181|52.7368
0.58223|52.73694
0.5827|52.73712
0.58348|52.73738
0.58356|52.7374
0.58568|52.73808
0.58601|52.73821
0.58732|52.73892
0.58776|52.73914
0.58791|52.7392
0.58807|52.73925
0.5883|52.7393
0.5904|52.73955
0.59162|52.73972
0.5932|52.74005
0.59349|52.7401
0.59407|52.74023
0.59542|52.74059
0.59733|52.74116
0.59811|52.74136
0.6014|52.74213
0.60143|52.74213
0.60253|52.74241
0.60281|52.74247
0.60287|52.74249
0.60366|52.74264
0.60367|52.74264
0.6045|52.74281
0.60453|52.7431
0.60478|52.74306
0.60489|52.74306
0.605|52.74305
0.60529|52.74306
0.60531|52.74307
0.60556|52.7431
0.60603|52.74322
0.61823|52.74772
0.62101|52.74898
0.62426|52.75054
0.62521|52.75094
0.62628|52.75134
0.62853|52.75206
0.63264|52.7531
0.63571|52.75374
0.63737|52.75415
0.63795|52.75426
0.63839|52.75436
0.63993|52.75465
0.63994|52.75465
0.64111|52.75491
0.64173|52.755
0.64368|52.75517
0.64369|52.75518
0.64424|52.75526
0.64467|52.75534
0.64481|52.75549
0.64485|52.75552
0.64586|52.75662
0.64846|52.75962
0.64893|52.7602
0.64909|52.76046
0.6491|52.76047
0.64915|52.76059
0.64918|52.76064
0.64926|52.76081
0.64926|52.76082
0.64927|52.76086
0.64938|52.76098
0.6494|52.76101
0.64945|52.76106
0.64966|52.76123
0.65004|52.76148
0.65129|52.76219
0.65169|52.76244
0.65179|52.76249
0.65221|52.76276
0.65232|52.76282
0.65239|52.76287
0.65275|52.76307
0.65367|52.76352
0.65374|52.76356
0.65413|52.76375
0.6542|52.76379
0.65463|52.76399
0.65551|52.76444
0.65558|52.76447
0.65719|52.76533
0.65766|52.76561
0.65776|52.7657
0.65787|52.76585
0.65798|52.76602
0.65811|52.76627
0.65813|52.76632
0.65832|52.76667
0.65855|52.76701
0.65867|52.76716
0.65898|52.76739
0.65922|52.76752
0.65941|52.76765
0.6597|52.76789
0.66066|52.76861
0.66151|52.76928
0.66181|52.76947
0.66185|52.76949
0.66189|52.7695
0.66196|52.76953
0.66211|52.76958
0.66273|52.77048
0.66293|52.77088
0.66308|52.77112
0.66356|52.77181
0.66371|52.77221
0.66406|52.773
0.66407|52.77301
0.66439|52.77372
0.66441|52.77387
0.6644|52.77399
0.66424|52.77482
0.66418|52.77507
0.66402|52.77561
0.66391|52.77583
0.66383|52.77597
0.66372|52.77612
0.66358|52.77629
0.66352|52.77639
0.66341|52.77664
0.66316|52.77757
0.66285|52.77822
0.66267|52.77852
0.66238|52.77889
0.66225|52.77904
0.66351|52.77944
0.6639|52.7796
0.66435|52.77983
0.66455|52.77998
0.66488|52.78026
0.66505|52.78047
0.66515|52.78062
0.66534|52.781
0.66543|52.78122
0.66553|52.78153
0.66576|52.78244
0.66596|52.78337
0.66601|52.78354
0.66615|52.78387
0.6664|52.7843
0.66655|52.78453
0.66669|52.78467
0.66674|52.78471
0.66688|52.78487
0.66718|52.78518
0.66719|52.7852
0.6673|52.7853
0.66743|52.78549
0.66744|52.7855
0.66774|52.78607
0.66781|52.78623
0.66811|52.78673
0.66839|52.78714
0.66893|52.78775
0.66914|52.78804
0.66928|52.78827
0.66937|52.78848
0.66942|52.78864
0.66946|52.789
0.66946|52.78918
0.66951|52.78953
0.66952|52.78954
0.66956|52.78966
0.66963|52.7898
0.67003|52.79048
0.67038|52.79116
0.67046|52.79136
0.67054|52.79153
0.67061|52.79171
0.67067|52.7919
0.67086|52.79277
0.6709|52.79291
0.67102|52.7932
0.67119|52.79348
0.67167|52.79411
0.67167|52.79412
0.67182|52.79428
0.67251|52.79486
0.67252|52.79494
0.67252|52.79497
0.6725|52.79505
0.67245|52.79512
0.67238|52.79519
0.67138|52.79529
0.67097|52.79535
0.67054|52.79546
0.67004|52.79563
0.67003|52.79564
0.66988|52.7957
0.66771|52.79671
0.66714|52.79702
0.66509|52.7984
0.66508|52.79841
0.66407|52.79906
0.66353|52.79947
0.66318|52.79983
0.66315|52.79987
0.66304|52.79997
0.66193|52.80121
0.66176|52.80138
0.66115|52.80191
0.6607|52.80227
0.66048|52.80243
0.65924|52.80321
0.65896|52.8034
0.65827|52.80381
0.65611|52.80496
0.65582|52.80524
0.65506|52.80589
0.6546|52.80624
0.65455|52.80661
0.6545|52.80768
0.65441|52.8085
0.6544|52.80878
0.65446|52.80935
0.65567|52.81673
0.6557|52.81705
0.65573|52.81718
0.65581|52.81768
0.65405|52.81793
0.65351|52.81804
0.65321|52.81812
0.65198|52.8185
0.65117|52.81878
0.6507|52.81892
0.65117|52.81878
0.65198|52.8185
0.65321|52.81812
0.65351|52.81804
0.65405|52.81793
0.65581|52.81768
0.65573|52.81718
0.6557|52.81705
0.65567|52.81673
0.65446|52.80935
0.6544|52.80878
0.65441|52.8085
0.6545|52.80768
0.65455|52.80661
0.6546|52.80624
0.64872|52.80437
0.64785|52.80407
0.64711|52.80377
0.64674|52.8036
0.64695|52.80348
0.64735|52.80332
0.64867|52.80293
0.64895|52.80281
0.64915|52.80268
0.64916|52.80268
0.64928|52.80259
0.64948|52.80238
0.64962|52.80205
0.64972|52.80188
0.64978|52.80176
0.64987|52.80161
0.65009|52.80132
0.65031|52.80136
0.65078|52.80158
0.65089|52.80164
0.65118|52.80177
0.6518|52.80201
0.65194|52.80205
0.65228|52.80217
0.65255|52.8023
0.65311|52.80265
0.65314|52.80266
0.65345|52.80284
0.65383|52.80303
0.65501|52.80354
0.65606|52.80409
0.65609|52.8041
0.65613|52.80413
0.65684|52.80457
0.65611|52.80496
0.65582|52.80524
0.65506|52.80589
0.6546|52.80624
0.65455|52.80661
0.6545|52.80768
0.65441|52.8085
0.6544|52.80878
0.65446|52.80935
0.65567|52.81673
0.6557|52.81705
0.65573|52.81718
0.65581|52.81768
0.66002|52.81757
0.66099|52.81749
0.66135|52.81744
0.6638|52.81691
0.66392|52.81694
0.66405|52.81696
0.66422|52.81703
0.6644|52.81715
0.66515|52.8177
0.66517|52.81772
0.66588|52.81824
0.66593|52.81827
0.66612|52.81841
0.66614|52.81843
0.66777|52.8196
0.66802|52.81981
0.66812|52.81994
0.6682|52.82012
0.66823|52.82022
0.66829|52.82038
0.66837|52.82065
0.66838|52.82067
0.66886|52.82221
0.66903|52.82269
0.66905|52.82278
0.66913|52.82296
0.66918|52.8231
0.66926|52.82328
0.66989|52.8245
0.66999|52.82465
0.67011|52.82479
0.67029|52.82493
0.67059|52.82509
0.67073|52.82515
0.67082|52.8252
0.67104|52.8253
0.67105|52.82531
0.6712|52.8254
0.67134|52.82552
0.6714|52.8256
0.67147|52.82568
0.6716|52.82589
0.67161|52.82593
0.67162|52.82595
0.67164|52.82604
0.6717|52.82665
0.67172|52.82674
0.67179|52.82696
0.67197|52.82735
0.67227|52.82794
0.67265|52.82862
0.67296|52.82913
0.67376|52.83032
0.67406|52.83082
0.67444|52.83161
0.67474|52.83228
0.67492|52.83273
0.67582|52.83537
0.67583|52.83539
0.67587|52.83551
0.67634|52.83619
0.67889|52.83922
0.67905|52.83937
0.67929|52.83953
0.6793|52.83953
0.68|52.83987
0.68367|52.84155
0.68358|52.84161
0.6835|52.84168
0.68313|52.84192
0.68269|52.84224
0.68245|52.84245
0.6821|52.84282
0.68068|52.84464
0.68044|52.84485
0.68021|52.84507
0.67943|52.84573
0.67875|52.84618
0.67782|52.84674
0.67641|52.84746
0.6757|52.84779
0.67545|52.84788
0.67539|52.84791
0.67385|52.84839
0.67327|52.84859
0.6729|52.84875
0.67263|52.8489
0.67226|52.84916
0.67194|52.84941
0.67072|52.85049
0.6707|52.8505
0.67034|52.85078
0.66972|52.85115
0.66964|52.85119
0.66703|52.85273
0.66542|52.85362
0.66541|52.85363
0.66521|52.85377
0.66509|52.85387
0.66505|52.85397
0.66506|52.85406
0.66522|52.85463
0.66523|52.85465
0.66529|52.85505
0.66528|52.85569
0.66526|52.85592
0.66527|52.85611
0.66537|52.85676
0.66545|52.85712
0.66549|52.85735
0.66584|52.85885
0.66589|52.85968
0.66588|52.8598
0.66588|52.8599
0.66584|52.86045
0.66584|52.86071
0.66588|52.86119
0.66586|52.8616
0.66581|52.862
0.66596|52.86218
0.66601|52.86223
0.6661|52.8623
0.66633|52.86355
0.66635|52.86362
0.66659|52.86499
0.66661|52.86516
0.66663|52.86524
0.66682|52.86636
0.66687|52.86676
0.66697|52.86736
0.66701|52.86745
0.66703|52.86748
0.66704|52.86751
0.66708|52.86758
0.66729|52.8678
0.66733|52.86785
0.66744|52.86796
0.66794|52.8684
0.66808|52.86856
0.66814|52.86864
0.66834|52.86884
0.66837|52.86888
0.66847|52.86898
0.67095|52.87092
0.67206|52.87175
0.67242|52.87199
0.67428|52.87314
0.67429|52.87315
0.67474|52.87342
0.67499|52.87361
0.67505|52.87369
0.6751|52.87379
0.67516|52.87389
0.67566|52.87492
0.67578|52.87513
0.67598|52.87542
0.67614|52.87569
0.67617|52.87579
0.67619|52.87594
0.67625|52.87667
0.67625|52.87672
0.67634|52.87694
0.67659|52.8774
0.67662|52.87762
0.67657|52.87784
0.67652|52.87801
0.67651|52.87806
0.67651|52.87813
0.67655|52.87827
0.6766|52.87838
0.67798|52.87995
0.67826|52.88023
0.67836|52.8803
0.67864|52.88052
0.67888|52.88068
0.67921|52.88086
0.67995|52.88121
0.68094|52.88152
0.68121|52.88163
0.68131|52.88169
0.68138|52.88175
0.68168|52.88219
0.682|52.88261
0.6821|52.88271
0.68216|52.88278
0.68241|52.8829
0.68255|52.88294
0.68257|52.88294
0.6839|52.88317
0.68421|52.88326
0.68421|52.88331
0.68428|52.88349
0.68425|52.88362
0.68395|52.88601
0.68341|52.88924
0.68331|52.88995
0.68328|52.89005
0.68321|52.89018
0.68294|52.89052
0.68228|52.89118
0.68183|52.89171
0.68003|52.8936
0.67956|52.89405
0.67905|52.89427
0.67901|52.8943
0.67887|52.89445
0.67867|52.89495
0.67834|52.89607
0.67808|52.89714
0.67799|52.89762
0.6779|52.89779
0.67788|52.89781
0.67781|52.89797
0.67731|52.89861
0.67731|52.89862
0.67724|52.89875
0.67715|52.89934
0.6771|52.8999
0.6775|52.89993
0.6786|52.90008
0.68034|52.90038
0.68075|52.90043
0.68115|52.90045
0.68113|52.90051
0.68082|52.90101
0.6805|52.90163
0.68026|52.90219
0.67929|52.90512
0.67911|52.90555
0.67878|52.90612
0.6779|52.90751
0.67771|52.90784
0.67754|52.90808
0.67643|52.90939
0.67444|52.91165
0.67431|52.91183
0.67417|52.912
0.67407|52.91219
0.67354|52.91334
0.67293|52.91483
0.6727|52.91532
0.67255|52.91556
0.67253|52.9156
0.67165|52.91689
0.67101|52.91778
0.67035|52.91862
0.66929|52.91958
0.66897|52.91992
0.66895|52.91995
0.66861|52.92035
0.66826|52.92092
0.66818|52.92112
0.66799|52.92153
0.66779|52.92179
0.66778|52.92182
0.66708|52.92266
0.66693|52.92288
0.66668|52.9235
0.66647|52.92416
0.66643|52.92452
0.66638|52.92483
0.66625|52.92542
0.66621|52.92617
0.66628|52.92706
0.66639|52.92778
0.66656|52.92839
0.66681|52.93067
0.66684|52.93073
0.66691|52.93082
0.66693|52.93086
0.66692|52.93089
0.66691|52.93094
0.66687|52.93099
0.66683|52.93109
0.66685|52.93193
0.66682|52.93381
0.66678|52.93415
0.66667|52.93478
0.66653|52.93584
0.66626|52.93702
0.66616|52.93738
0.66612|52.93756
0.66591|52.93834
0.66578|52.93897
0.6657|52.93965
0.66559|52.94087
0.66558|52.94143
0.66561|52.94166
0.66565|52.94185
0.66582|52.94243
0.66589|52.94274
0.666|52.94344
0.66606|52.94371
0.66619|52.94398
0.66628|52.94408
0.66671|52.94472
0.66708|52.94531
0.66722|52.94562
0.66728|52.94584
0.66737|52.9465
0.66746|52.94687
0.6677|52.94733
0.66798|52.9478
0.66814|52.94819
0.66818|52.94831
0.66823|52.94862
0.66827|52.94898
0.66824|52.94933
0.66829|52.94995
0.66827|52.95015
0.66808|52.95056
0.6679|52.95122
0.66787|52.9513
0.66788|52.9514
0.66788|52.95149
0.66793|52.95167
0.66796|52.95175
0.66797|52.95181
0.66801|52.95194
0.66808|52.9521
0.66812|52.95233
0.66814|52.95251
0.66818|52.95263
0.66819|52.95269
0.66818|52.95276
0.66819|52.95282
0.66819|52.95289
0.66822|52.95297
0.6683|52.95312
0.66838|52.95319
0.6686|52.95343
0.66871|52.95352
0.66897|52.95377
0.66997|52.95483
0.67023|52.95508
0.67045|52.95526
0.67062|52.95542
0.6718|52.95632
0.67297|52.9571
0.67432|52.95812
0.67504|52.95862
0.67571|52.95904
0.67731|52.96011
0.67762|52.96039
0.67813|52.96106
0.67822|52.96115
0.6791|52.96233
0.67937|52.96265
0.68008|52.96335
0.6805|52.96374
0.68118|52.96426
0.68234|52.96497
0.6829|52.96547
0.68292|52.9655
0.68294|52.96557
0.68294|52.96561
0.68292|52.9657
0.68344|52.96575
0.68378|52.96577
0.68408|52.96575
0.68474|52.96567
0.68503|52.96562
0.6852|52.9656