0.94211|52.68117
0.94293|52.68113
0.94284|52.68092
0.94275|52.6808
0.9427|52.68078
0.94216|52.68076
0.94208|52.68074
0.94199|52.68077
0.94196|52.68077
0.94192|52.68078
0.94187|52.68078
0.9418|52.68077
0.94173|52.68078
0.9411|52.68078
0.94104|52.68088
0.94096|52.68098
0.94084|52.68125
0.94082|52.68128
0.94048|52.68199
0.94041|52.68219
0.94048|52.68199
0.94082|52.68128
0.94084|52.68125
0.94096|52.68098
0.93999|52.68093
0.93873|52.6809
0.93869|52.68088
0.93866|52.68083
0.93857|52.68064
0.93853|52.68059
0.93843|52.68049
0.93833|52.68052
0.93825|52.68053
0.93752|52.68055
0.9374|52.68054
0.9362|52.68056
0.936|52.68055
0.93563|52.6804
0.93525|52.68033
0.93508|52.68032
0.93491|52.68033
0.93473|52.68037
0.93459|52.68044
0.93443|52.68049
0.93421|52.68046
0.93413|52.68042
0.93398|52.68026
0.93389|52.68019
0.93353|52.68002
0.93345|52.67996
0.9333|52.67981
0.93322|52.67977
0.93313|52.67976
0.93236|52.6799
0.93234|52.6799
0.93232|52.67991
0.93229|52.6799
0.93225|52.67988
0.932|52.6796
0.93196|52.67958
0.93194|52.67956
0.93192|52.67955
0.9316|52.67947
0.93153|52.67963
0.93144|52.67962
0.93076|52.67949
0.93058|52.67948
0.93034|52.67949
0.9301|52.67952
0.92994|52.67955
0.9297|52.67963
0.92956|52.67969
0.92934|52.67982
0.92871|52.67944
0.92797|52.67909
0.92737|52.67893
0.92713|52.67888
0.9265|52.67878
0.926|52.67875
0.92561|52.67871
0.92495|52.67867
0.92445|52.67867
0.92318|52.67872
0.92233|52.67871
0.92204|52.67868
0.92155|52.6786
0.92102|52.67848
0.91981|52.67816
0.91955|52.67808
0.91899|52.67785
0.91816|52.67743
0.91768|52.67723
0.91741|52.67714
0.91709|52.67705
0.91679|52.677
0.91612|52.67696
0.91578|52.67696
0.91463|52.67701
0.91405|52.67701
0.91347|52.67696
0.91311|52.6769
0.91171|52.67661
0.90031|52.67405
0.89985|52.67391
0.89984|52.67391
0.89757|52.67315
0.89679|52.67294
0.89304|52.67215
0.89274|52.6721
0.89247|52.67207
0.89211|52.67205
0.88946|52.67202
0.88942|52.67214
0.8894|52.67229
0.88944|52.67257
0.88985|52.6735
0.88994|52.67378
0.88998|52.67385
0.89002|52.67396
0.89013|52.67413
0.89024|52.67433
0.89032|52.67451
0.89038|52.67469
0.89038|52.67471
0.89041|52.67491
0.89048|52.67523
0.89052|52.67525
0.89057|52.67526
0.89068|52.67527
0.89082|52.67526
0.89219|52.67507
0.89236|52.67506
0.89247|52.67507
0.89253|52.67509
0.89256|52.67513
0.89251|52.67545
0.8924|52.67588
0.89238|52.67607
0.89243|52.67638
0.89248|52.67648
0.8934|52.67638
0.89351|52.6766
0.89354|52.67664
0.89358|52.67671
0.89388|52.67712
0.89398|52.67723
0.89404|52.67731
0.89407|52.67737
0.89408|52.67747
0.89409|52.68017
0.89408|52.68023
0.8941|52.68053
0.89412|52.68067
0.8941|52.68076
0.89408|52.68082
0.89401|52.68087
0.89398|52.6809
0.89292|52.68167
0.8929|52.68168
0.89233|52.6821
0.89212|52.68227
0.89173|52.68265
0.89169|52.6827
0.89164|52.68275
0.89154|52.68283
0.89146|52.68288
0.89139|52.68291
0.8913|52.68296
0.89129|52.68296
0.89076|52.68312
0.89041|52.68321
0.88945|52.68354
0.88896|52.68375
0.88839|52.68394
0.88733|52.68417
0.88731|52.68417
0.88658|52.68438
0.88643|52.68453
0.88662|52.68563
0.88667|52.68573
0.88672|52.68578
0.8871|52.68609
0.88719|52.68618
0.88719|52.68619
0.88726|52.68635
0.88728|52.68646
0.88727|52.68675
0.88724|52.68709
0.88724|52.68719
0.88723|52.68731
0.88724|52.68749
0.88727|52.68765
0.88731|52.6878
0.88741|52.68803
0.88748|52.68815
0.88756|52.68821
0.88759|52.68822
0.88815|52.68834
0.88882|52.68845
0.88885|52.68845
0.88933|52.68854
0.88941|52.68857
0.88945|52.68858
0.88951|52.68862
0.88958|52.68869
0.88972|52.68906
0.88972|52.68908
0.88978|52.68915
0.88986|52.68921
0.89005|52.68931
0.89058|52.68953
0.89086|52.68971
0.89094|52.6898
0.89098|52.68986
0.89097|52.68999
0.89085|52.69063
0.89102|52.69068
0.89136|52.69067
0.89246|52.69069
0.8925|52.6907
0.89449|52.6908
0.89486|52.69085
0.89565|52.691
0.8958|52.69106
0.89597|52.69149
0.89598|52.6915
0.8961|52.6918
0.89614|52.69194
0.89617|52.69201
0.89625|52.69234
0.89626|52.69249
0.89643|52.69306
0.89656|52.69343
0.8966|52.69359
0.89662|52.69372
0.89663|52.69385
0.89663|52.69403
0.89659|52.69433
0.89653|52.69465
0.89654|52.69541
0.89651|52.69558
0.89789|52.69607
0.89877|52.69643
0.89878|52.69643
0.89949|52.69676
0.89957|52.69679
0.89996|52.69698
0.90025|52.69714
0.90059|52.69735
0.90086|52.69757
0.90111|52.69781
0.90136|52.69815
0.9014|52.69826
0.90141|52.69833
0.90141|52.69842
0.90139|52.69851
0.90135|52.69861
0.90112|52.69884
0.90031|52.69929
0.9003|52.6993
0.90013|52.69939
0.8997|52.69966
0.89963|52.69974
0.89957|52.69983
0.89952|52.69997
0.89948|52.70018
0.89944|52.70056
0.89938|52.70092
0.89935|52.70125
0.89936|52.70131
0.8994|52.70139
0.89945|52.70143
0.90112|52.70237
0.90151|52.70264
0.90343|52.70424
0.90398|52.70476
0.90436|52.70516
0.90507|52.70603
0.9053|52.70634
0.90537|52.70649
0.90539|52.70659
0.90545|52.70677
0.90552|52.70686
0.90587|52.7071
0.90643|52.7074
0.9064|52.70743
0.90639|52.70745
0.90638|52.70753
0.90638|52.70791
0.90642|52.7081
0.90645|52.70814
0.90648|52.70817
0.90657|52.70824
0.90697|52.7085
0.90712|52.70863
0.90733|52.7089
0.90741|52.70911
0.90747|52.70945
0.90751|52.70994
0.90749|52.71006
0.90745|52.7102
0.90718|52.71087
0.90711|52.7111
0.90744|52.71109
0.90882|52.71129
0.90932|52.71132
0.9105|52.71134
0.91111|52.71137
0.9119|52.71146
0.91237|52.71144
0.91263|52.71141
0.91294|52.71135
0.91348|52.71127
0.91362|52.71126
0.91378|52.71126
0.91414|52.71131
0.91435|52.71136
0.91501|52.71156
0.91532|52.71169
0.91587|52.71188
0.9163|52.71199
0.91689|52.71206
0.91734|52.71286
0.91757|52.71362
0.91783|52.71459
0.91792|52.71473
0.91799|52.71482
0.91802|52.71484
0.91811|52.71494
0.9195|52.71627
0.91978|52.7165
0.91979|52.7165
0.91996|52.7166
0.92001|52.71662
0.92065|52.71694
0.91829|52.71865
0.91783|52.71895
0.91605|52.72028
0.91593|52.72038
0.91605|52.72028
0.91783|52.71895
0.91819|52.71871
0.91783|52.71895
0.91605|52.72028
0.91593|52.72038
0.91291|52.72254
0.91314|52.72267
0.91324|52.7227
0.91388|52.72272
0.91394|52.72282
0.91407|52.72296
0.91423|52.72308
0.9161|52.72416
0.9163|52.72425
0.91646|52.72431
0.91697|52.72446
0.91845|52.72482
0.91993|52.72511
0.92038|52.72524
0.92043|52.72527
0.92048|52.72529
0.92055|52.72534
0.92063|52.72541
0.92068|52.72548
0.92081|52.72616
0.92095|52.72717
0.92094|52.7274
0.92091|52.72755
0.9208|52.72782
0.92057|52.72828
0.92053|52.72838
0.9205|52.72852
0.92051|52.72924
0.92048|52.7293
0.92041|52.72937
0.92021|52.72951
0.91927|52.73009
0.9191|52.73022
0.91906|52.73027
0.9189|52.73028
0.91871|52.73032
0.91851|52.73038
0.91813|52.73028
0.91697|52.72991
0.91679|52.72987
0.9166|52.72981
0.91458|52.72943
0.91354|52.72927
0.91351|52.72927
0.91321|52.72922
0.91211|52.72915
0.91159|52.72909
0.91116|52.72906
0.9111|52.72905
0.9096|52.72906
0.909|52.72909
0.90823|52.72918
0.90795|52.7292
0.90792|52.72921
0.90771|52.72923
0.90676|52.7294
0.90564|52.72953
0.9052|52.72956
0.90481|52.72954
0.90332|52.72933
0.901|52.72912
0.90056|52.72911
0.90052|52.72918
0.89995|52.73038
0.89975|52.73064
0.8996|52.73078
0.89931|52.73118
0.89931|52.73119
0.89918|52.73147
0.89828|52.73261
0.8981|52.73289
0.89788|52.7335
0.89769|52.73443
0.89774|52.73462
0.8979|52.7351
0.89786|52.73517
0.89775|52.73529
0.89772|52.73534
0.89768|52.73543
0.89763|52.73577
0.89761|52.73582
0.89754|52.73594
0.89677|52.73668
0.89645|52.73712
0.8964|52.7371
0.8963|52.73709
0.89633|52.73712
0.89642|52.73725
0.89642|52.73726
0.8965|52.73743
0.89657|52.73762
0.89659|52.73772
0.89659|52.7378
0.89657|52.7379
0.89654|52.73797
0.89644|52.73814
0.89615|52.73853
0.89613|52.73857
0.8958|52.73904
0.89555|52.7393
0.89424|52.73999
0.89335|52.74039
0.89294|52.74055
0.89293|52.74056
0.89282|52.74063
0.89272|52.74072
0.89269|52.7408
0.8927|52.7409
0.89279|52.74111
0.8929|52.74128
0.89305|52.7416
0.89309|52.74174
0.89311|52.74184
0.89311|52.74211
0.89309|52.74237
0.89304|52.74273
0.89291|52.74339
0.89285|52.74356
0.89276|52.74374
0.89248|52.74421
0.89236|52.74436
0.892|52.74488
0.89122|52.74592
0.89102|52.74623
0.89077|52.74671
0.89076|52.74671
0.89051|52.74723
0.89051|52.74724
0.89021|52.74788
0.88957|52.74907
0.8895|52.74931
0.88949|52.74937
0.8895|52.74944
0.88975|52.75008
0.88985|52.75044
0.88995|52.75071
0.89032|52.75146
0.89036|52.7516
0.8905|52.75187
0.89057|52.75198
0.89067|52.75206
0.89068|52.75206
0.89075|52.7521
0.89087|52.75214
0.89131|52.7522
0.89171|52.75228
0.89205|52.75238
0.89277|52.75263
0.89288|52.75268
0.89301|52.75276
0.89311|52.75287
0.89317|52.75298
0.89326|52.75327
0.89332|52.75398
0.89326|52.75425
0.89317|52.75452
0.89312|52.75464
0.89308|52.75471
0.89306|52.75477
0.89306|52.75481
0.89308|52.75483
0.8931|52.75483
0.89336|52.75476
0.89443|52.75456
0.89531|52.75445
0.89557|52.75443
0.8964|52.75442
0.89686|52.75447
0.89715|52.75452
0.89757|52.75466
0.89912|52.75537
0.8996|52.75563
0.8999|52.75573
0.9001|52.75578
0.90029|52.75581
0.90062|52.75584
0.90277|52.75586
0.90418|52.75567
0.90499|52.75563
0.90524|52.75559
0.90547|52.75553
0.90596|52.75536
0.90547|52.75553
0.90524|52.75559
0.90499|52.75563
0.90418|52.75567
0.90277|52.75586
0.90062|52.75584
0.90029|52.75581
0.9001|52.75578
0.8999|52.75573
0.8996|52.75563
0.89912|52.75537
0.89757|52.75466
0.89715|52.75452
0.89686|52.75447
0.8964|52.75442
0.89557|52.75443
0.89531|52.75445
0.89443|52.75456
0.89336|52.75476
0.8931|52.75483
0.89308|52.75483
0.89306|52.75481
0.89306|52.75477
0.89308|52.75471
0.89312|52.75464
0.89317|52.75452
0.89312|52.75464
0.89308|52.75471
0.89306|52.75477
0.89306|52.75481
0.89308|52.75483
0.8931|52.75483
0.89336|52.75476
0.89443|52.75456
0.89531|52.75445
0.89557|52.75443
0.8964|52.75442
0.89686|52.75447
0.89715|52.75452
0.89757|52.75466
0.89912|52.75537
0.8996|52.75563
0.8999|52.75573
0.9001|52.75578
0.90029|52.75581
0.90062|52.75584
0.90277|52.75586
0.90418|52.75567
0.90499|52.75563
0.90524|52.75559
0.90547|52.75553
0.90662|52.75515
0.90722|52.755
0.9088|52.75471
0.90882|52.75471
0.90996|52.75443
0.91124|52.75405
0.91228|52.75368
0.9129|52.75342
0.91383|52.75307
0.9139|52.75306
0.91391|52.75305
0.91515|52.7527
0.91713|52.75225
0.9177|52.75217
0.91937|52.7521
0.92038|52.75203
0.92068|52.75199
0.92155|52.75181
0.92419|52.75114
0.92424|52.75112
0.92618|52.75055
0.92704|52.75027
0.92827|52.74992
0.93108|52.74904
0.9346|52.74778
0.93572|52.74749
0.9371|52.74709
0.93715|52.74707
0.93794|52.74689
0.93833|52.74683
0.93842|52.74706
0.93852|52.74723
0.93884|52.74771
0.93897|52.74801
0.93917|52.74841
0.93919|52.74847
0.93927|52.7488
0.93939|52.74911
0.93953|52.74933
0.93986|52.74999
0.94001|52.75034
0.94008|52.75047
0.94019|52.7506
0.94031|52.75069
0.94062|52.75086
0.94138|52.75124
0.94218|52.75167
0.94239|52.75182
0.94249|52.75192
0.94252|52.75197
0.94284|52.7524
0.94303|52.75257
0.94319|52.75277
0.9432|52.75277
0.94334|52.75298
0.94355|52.75334
0.94385|52.75396
0.94402|52.75427
0.94416|52.75457
0.94424|52.7548
0.94425|52.75485
0.94425|52.75488
0.94421|52.75497
0.94407|52.75516
0.94372|52.75552
0.94358|52.75563
0.94336|52.75571
0.94291|52.7558
0.94267|52.75589
0.94262|52.75596
0.94255|52.75613
0.94254|52.75627
0.94259|52.75654
0.94274|52.7576
0.94319|52.75896
0.94324|52.75918
0.94325|52.7592
0.94326|52.75935
0.94325|52.75954
0.94273|52.76103
0.94215|52.76251
0.94208|52.76278
0.94206|52.76296
0.9421|52.76347
0.94218|52.76415
0.94219|52.76437
0.94217|52.76474
0.94211|52.76513
0.94209|52.76547
0.9421|52.76564
0.94219|52.76619
0.94224|52.76674
0.9422|52.76777
0.94223|52.76808
0.94242|52.76921
0.94255|52.77048
0.94289|52.77181
0.94293|52.77202
0.94306|52.77238
0.94349|52.77342
0.9435|52.77347
0.94368|52.77394
0.94381|52.77447
0.94382|52.77449
0.94396|52.77523
0.94397|52.77537
0.94396|52.77549
0.94385|52.77571
0.94377|52.77584
0.94328|52.77646
0.94316|52.77663
0.94299|52.77683
0.94297|52.77688
0.94297|52.77696
0.94308|52.77703
0.9432|52.77707
0.94389|52.77725
0.94454|52.77745
0.94494|52.77761
0.94642|52.77826
0.94649|52.77828
0.94718|52.77856
0.94816|52.77892
0.95042|52.77982
0.95412|52.78113
0.95479|52.78133
0.9548|52.78134
0.95498|52.78141
0.95513|52.7815
0.95528|52.78161
0.95545|52.78179
0.95578|52.7822
0.95609|52.78264
0.95612|52.78273
0.95624|52.78298
0.95624|52.7831
0.95614|52.78354
0.95613|52.78365
0.95614|52.78378
0.95618|52.78389
0.95635|52.78413
0.95665|52.78444
0.9575|52.78517
0.95771|52.78539
0.9578|52.78551
0.95788|52.78567
0.95801|52.78587
0.95816|52.78606
0.95841|52.78631
0.95842|52.78631
0.95911|52.78697
0.95918|52.78705
0.95936|52.78732
0.95941|52.78749
0.95944|52.78774
0.95942|52.78824
0.9594|52.78837
0.95936|52.78854
0.95923|52.78897
0.95916|52.78912
0.95897|52.78947
0.95893|52.78957
0.95891|52.78969
0.95892|52.78975
0.95896|52.78986
0.959|52.78991
0.95903|52.78996
0.95916|52.79006
0.95939|52.79021
0.9595|52.79027
0.96012|52.79052
0.96112|52.79097
0.96168|52.7912
0.96179|52.79188
0.9619|52.79304
0.96191|52.79306
0.96197|52.79325
0.96203|52.79333
0.96215|52.79345
0.96246|52.79368
0.96298|52.79402
0.96377|52.79448
0.96428|52.79483
0.96429|52.79484
0.96486|52.79523
0.96504|52.79537
0.96532|52.79563
0.9654|52.79576
0.96957|52.79545
0.97008|52.79545
0.97016|52.79546
0.97026|52.79546
0.97049|52.7955
0.97066|52.79554
0.97084|52.79561
0.97095|52.79568
0.97101|52.79571
0.97109|52.79577
0.97118|52.79587
0.97126|52.79599
0.97139|52.79627
0.97148|52.79661
0.97156|52.797
0.97165|52.7977
0.97167|52.79776
0.97196|52.79815
0.97199|52.7982
0.97202|52.79823
0.97206|52.79826
0.97208|52.79828
0.97221|52.79834
0.9723|52.79835
0.97249|52.79839
0.97329|52.79851
0.97351|52.79852
0.97497|52.79846
0.97496|52.79836
0.97496|52.79827
0.97493|52.79816
0.97491|52.79803
0.97492|52.79795
0.975|52.79782
0.97508|52.79775
0.97515|52.79771
0.97519|52.79768
0.9754|52.79759
0.9772|52.79699
0.97792|52.79667
0.97812|52.79657
0.97831|52.79651
0.97853|52.79649
0.97938|52.79652
0.98017|52.7966
0.98078|52.79669
0.98065|52.79846
0.98056|52.79902
0.98039|52.79955
0.98039|52.79956
0.98035|52.79972
0.98033|52.79992
0.98033|52.80001
0.98036|52.80025
0.9804|52.8004
0.98062|52.80108
0.98073|52.80136
0.98104|52.80237
0.98108|52.80257
0.9811|52.80289
0.9811|52.80302
0.98106|52.80335
0.98106|52.80338
0.98102|52.80371
0.981|52.80407
0.98099|52.80413
0.98099|52.80447
0.98101|52.80474
0.98109|52.80533
0.9811|52.80548
0.98111|52.80551
0.98114|52.80576
0.98114|52.806
0.98109|52.80638
0.98105|52.80655
0.98098|52.80676
0.98066|52.80747
0.98048|52.80776
0.98044|52.80791
0.98045|52.80797
0.98045|52.80809
0.9805|52.80829
0.98074|52.80885
0.98082|52.80913
0.98088|52.80924
0.98096|52.80934
0.98107|52.80945
0.98154|52.80979
0.9816|52.80979
0.98167|52.8098
0.98193|52.80988
0.98204|52.80993
0.98215|52.81003
0.98204|52.80993
0.98193|52.80988
0.98167|52.8098
0.9816|52.80979
0.98154|52.80979
0.9816|52.80979
0.98167|52.8098
0.98193|52.80988
0.98204|52.80993
0.98293|52.81067
0.98303|52.81074
0.9833|52.81088
0.98356|52.81096
0.9839|52.81111
0.98412|52.81123
0.98425|52.81129
0.9845|52.81137
0.98505|52.81145
0.98516|52.81155
0.98524|52.81167
0.98531|52.81192
0.98531|52.81197
0.9853|52.81202
0.98518|52.81229
0.98512|52.81257
0.98509|52.81263
0.98489|52.81287
0.98462|52.81314
0.98452|52.81322
0.98443|52.81328
0.98321|52.81385
0.98316|52.81386
0.98271|52.81405
0.98267|52.81406
0.98142|52.81453
0.98102|52.81472
0.98075|52.81487
0.98066|52.81493
0.98055|52.81503
0.9805|52.81509
0.98037|52.81534
0.98035|52.81537
0.98041|52.81548
0.98062|52.81611
0.98069|52.81641
0.98088|52.81698
0.9809|52.8171
0.98091|52.81711
0.98118|52.81767
0.98149|52.81821
0.98154|52.81828
0.97879|52.8195
0.98274|52.82275
0.98528|52.82502
0.98593|52.82563
0.986|52.82568
0.98635|52.82598
0.98671|52.82626
0.98737|52.82673
0.98927|52.82801
0.98932|52.82805
0.98999|52.8285
0.99185|52.82986
0.99201|52.82996
0.99216|52.83004
0.99484|52.83121
0.99523|52.8314
0.99548|52.83156
0.99574|52.83176
0.99646|52.83244
0.99723|52.83313
0.99746|52.83336
0.99774|52.83368
0.99883|52.83506
0.9989|52.83516
0.99896|52.83522
0.99985|52.83631
1.00068|52.83738
1.00125|52.83817
1.0015|52.83862
1.00191|52.83953
1.00223|52.84041
1.00269|52.84182
1.003|52.84288
1.00313|52.84324
1.0025|52.84385
0.99967|52.84638
0.99949|52.84657
0.99942|52.84667
0.99925|52.84701
0.99904|52.8476
0.99892|52.84809
0.99892|52.84813
0.99884|52.84856
0.99881|52.84888
0.99883|52.84904
0.99895|52.84943
0.99905|52.84969
0.99933|52.85054
0.99844|52.85053
0.99806|52.85051
0.99611|52.8503
0.99579|52.85029
0.99561|52.8503
0.99522|52.85037
0.99462|52.85053
0.99414|52.85068
0.99344|52.85093
0.99284|52.85119
0.99265|52.85125
0.99262|52.85125
0.99216|52.85133
0.99179|52.85133
0.99175|52.85132
0.99171|52.85132
0.99164|52.85131
0.99147|52.85126
0.9914|52.85123
0.99112|52.85105
0.99094|52.85113
0.9909|52.85117
0.99087|52.85121
0.99082|52.85134
0.99077|52.85151
0.9907|52.85169
0.9907|52.8517
0.99066|52.85182
0.99066|52.85187
0.9906|52.85222
0.99053|52.85241
0.99041|52.85267
0.99016|52.85314
0.98984|52.85353
0.99008|52.85354
0.99032|52.85357
0.99071|52.85358
0.9911|52.85361
0.99132|52.85361
0.99175|52.85366
0.99192|52.85371
0.99214|52.8538
0.99229|52.85383
0.99246|52.85388
0.99333|52.854
0.994|52.85405
0.99418|52.85405
0.99449|52.85402
0.99502|52.85392
0.99567|52.85375
0.99602|52.85371
0.99667|52.8536
0.997|52.85352
0.99707|52.85351
0.99737|52.85344
0.99771|52.8534
0.99805|52.85338
0.99827|52.8534
0.99863|52.85347
0.99926|52.85366
0.99957|52.85346
0.99977|52.8533
0.99999|52.85308
1.00005|52.85298
1.00012|52.85302
1.00017|52.85307
1.00025|52.8532
1.0003|52.85334
1.00038|52.85364
1.00042|52.85375
1.00048|52.85386
1.00049|52.85386
1.00061|52.85402
1.00061|52.85403
1.00071|52.85414
1.00083|52.85424
1.00102|52.85444
1.0011|52.85451
1.00119|52.85457
1.00132|52.85463
1.00182|52.85478
1.0063|52.85632
1.00685|52.85649
1.00915|52.85712
1.0095|52.85724
1.01028|52.85755
1.01035|52.85756
1.0104|52.85756
1.01047|52.85755
1.01064|52.85774
1.01117|52.85755
1.01242|52.85892
1.01314|52.85977
1.01346|52.86011
1.01467|52.86128
1.01482|52.8614
1.01531|52.86172
1.01593|52.862
1.016|52.86204
1.01642|52.86223
1.01656|52.86234
1.0167|52.8625
1.01676|52.86263
1.01683|52.86282
1.01687|52.86316
1.01687|52.86363
1.01691|52.86382
1.01696|52.864
1.01718|52.86456
1.01729|52.86478
1.01737|52.86488
1.01743|52.86494
1.01839|52.86569
1.01881|52.86607
1.01936|52.86649
1.02039|52.86719
1.02102|52.86768
1.02162|52.8681
1.02171|52.86815
1.02188|52.86821
1.02202|52.86824
1.02237|52.86828
1.02274|52.86828
1.02306|52.8683
1.02345|52.86835
1.024|52.86849
1.02444|52.86874
1.02446|52.86863
1.02455|52.86843
1.02461|52.86833
1.02502|52.8681
1.02503|52.86809
1.02522|52.86802
1.02531|52.868
1.02582|52.86795
1.02591|52.86793
1.02602|52.86788
1.02614|52.86781
1.02621|52.86774
1.02626|52.86767
1.02654|52.86714
1.02657|52.8671
1.02671|52.86698
1.02681|52.86691
1.02719|52.86673
1.02811|52.86637
1.02813|52.86635
1.0282|52.86632
1.02829|52.86624
1.02845|52.86607
1.02856|52.86601
1.02875|52.86594
1.02889|52.86591
1.02899|52.86591
1.02934|52.866
1.02964|52.86604
1.03051|52.86622
1.03078|52.86621
1.03094|52.86617
1.03105|52.86613
1.0312|52.86606
1.03172|52.86576
1.03222|52.86553
1.03312|52.86525
1.03338|52.86515
1.03355|52.86505
1.03378|52.86488
1.03379|52.86478
1.03383|52.86465
1.03385|52.86444
1.03383|52.86425
1.03356|52.86346
1.0335|52.86324
1.03344|52.86311
1.03321|52.86269
1.03312|52.86242
1.03312|52.8624
1.03309|52.86226
1.03311|52.86216
1.03316|52.86205
1.03326|52.86192
1.03349|52.86167
1.03359|52.86152
1.03362|52.86144
1.03366|52.86129
1.03372|52.86081
1.03372|52.86073
1.03371|52.86069
1.03361|52.86043
1.03349|52.86019
1.03343|52.86004
1.0333|52.85946
1.03321|52.85867
1.03321|52.85824
1.03323|52.85812
1.03323|52.85791
1.03319|52.85767
1.03316|52.85758
1.0331|52.85747
1.03297|52.85728
1.03278|52.85691
1.0327|52.85666
1.03211|52.85668
1.03207|52.85669
1.03151|52.85671
1.03149|52.85653
1.03144|52.85636
1.03144|52.85635
1.03137|52.85617
1.03131|52.85606
1.03127|52.85602
1.03111|52.85589
1.03082|52.85573
1.0301|52.85529
1.02928|52.85471
1.02896|52.85446
1.02881|52.85431
1.02867|52.85415
1.02855|52.85398
1.02849|52.85385
1.02827|52.85298
1.0281|52.8524
1.0281|52.85239
1.028|52.85203
1.02794|52.85186
1.02785|52.85153
1.02776|52.85127
1.02763|52.85066
1.02753|52.84993
1.02753|52.84989
1.02749|52.84954
1.02749|52.84929
1.02741|52.84926
1.02738|52.84924
1.02705|52.84891
1.02677|52.84871
1.02609|52.84831
1.0254|52.84796
1.02328|52.84718
1.0254|52.84796
1.02609|52.84831
1.02677|52.84871
1.02705|52.84891
1.02738|52.84924
1.02741|52.84926
1.02749|52.84929
1.02749|52.84954
1.02753|52.84989
1.02753|52.84993
1.02763|52.85066
1.02776|52.85127
1.02785|52.85153
1.02794|52.85186
1.028|52.85203
1.0281|52.85239
1.0281|52.8524
1.02827|52.85298
1.02849|52.85385
1.02855|52.85398
1.02867|52.85415
1.02881|52.85431
1.02896|52.85446
1.02928|52.85471
1.0301|52.85529
1.03082|52.85573
1.03111|52.85589
1.03127|52.85602
1.03131|52.85606
1.03137|52.85617
1.03144|52.85635
1.03144|52.85636
1.03149|52.85653
1.03151|52.85671
1.03207|52.85669
1.03211|52.85668
1.0327|52.85666
1.03394|52.85657
1.03419|52.85654
1.03534|52.8565
1.03627|52.85651
1.037|52.85654
1.03824|52.85665
1.0388|52.8566
1.03884|52.85659
1.03967|52.85649
1.04168|52.85618
1.04424|52.85597
1.04455|52.85593
1.04643|52.85583
1.0478|52.8558
1.04817|52.85581
1.05119|52.85576
1.05137|52.85578
1.05347|52.85591
1.0545|52.8559
1.05501|52.85586
1.05781|52.85554
1.05862|52.85551
1.05897|52.85555
1.05989|52.85574
1.06016|52.85576
1.06066|52.85576
1.06103|52.85574
1.06162|52.85567
1.06495|52.85504
1.06557|52.85495
1.06635|52.8549
1.07096|52.85439
1.07243|52.85409
1.07313|52.85392
1.07524|52.85333
1.07601|52.85317
1.07647|52.85311
1.07769|52.853
1.07923|52.85278
1.07959|52.85271
1.08166|52.85216
1.08214|52.85201
1.08402|52.85134
1.08436|52.8512
1.08465|52.85105
1.08487|52.85091
1.08507|52.85076
1.08538|52.85048
1.08608|52.8497
1.08622|52.84958
1.08647|52.84939
1.08746|52.84873
1.08764|52.84863
1.08767|52.84862
1.09014|52.84731
1.09072|52.84703
1.09088|52.84697
1.09111|52.84691
1.09141|52.84685
1.09275|52.84648
1.09314|52.84632
1.09418|52.84583
1.09803|52.8438
1.09883|52.84331
1.09891|52.84325
1.09908|52.84315
1.09926|52.84308
1.0996|52.84299
1.10111|52.84268
1.10122|52.84265
1.10294|52.84234
1.10365|52.84218
1.10533|52.84175
1.10695|52.84144
1.10804|52.84118
1.10944|52.84081
1.10945|52.84081
1.10979|52.84072
1.11054|52.84049
1.11074|52.84045
1.11128|52.84042
1.11164|52.84043
1.11187|52.84046
1.11204|52.8405
1.11232|52.84059
1.11255|52.84064
1.11299|52.8407
1.11308|52.8407
1.11316|52.84071
1.11363|52.84069
1.11392|52.84065
1.11394|52.84065
1.11487|52.8405
1.11536|52.84038
1.11583|52.84022
1.11621|52.84007
1.11634|52.84003
1.11637|52.84003
1.11642|52.84001
1.11676|52.83997
1.11755|52.83998
1.11844|52.83994
1.1187|52.83989
1.11905|52.8398
1.11975|52.83956
1.12043|52.83929
1.12072|52.83916
1.12073|52.83916
1.12095|52.83905
1.12097|52.83905
1.12263|52.83813
1.12265|52.83811
1.12433|52.83697
1.12474|52.83674
1.12538|52.83647
1.12566|52.83637
1.12623|52.83611
1.12702|52.8357
1.12794|52.83535
1.12893|52.83502
1.12902|52.83498
1.12937|52.83478
1.12956|52.83465
1.1303|52.83409
1.13063|52.83396
1.13089|52.83388
1.1309|52.83387
1.13153|52.83365
1.13163|52.83359
1.13164|52.83359
1.1317|52.83356
1.13176|52.83351
1.13191|52.83341
1.13205|52.83333
1.13217|52.83325
1.13251|52.83308
1.13502|52.83226
1.1367|52.83175
1.13671|52.83175
1.13722|52.83157
1.13771|52.83136
1.13839|52.83101
1.13852|52.83096
1.13868|52.83094
1.13879|52.83077
1.13885|52.83071
1.13896|52.83062
1.13912|52.83052
1.14021|52.83004
1.14048|52.82994
1.14192|52.82952
1.14193|52.82953
1.14194|52.82955
1.14195|52.82956
1.14196|52.82958
1.14208|52.82964
1.14211|52.82964
1.14213|52.82965
1.14218|52.82965
1.14221|52.82966
1.14224|52.82966
1.14226|52.82965
1.14231|52.82965
1.14234|52.82964
1.14236|52.82964
1.14245|52.8296
1.14249|52.82956
1.1425|52.82954
1.14251|52.82953
1.14252|52.82951
1.14253|52.8295
1.14253|52.82944
1.14397|52.82925
1.14553|52.82901
1.14593|52.82893
1.14775|52.82847
1.14842|52.82833
1.14936|52.8282
1.15018|52.82814
1.15135|52.82813
1.15186|52.82809
1.15244|52.82799
1.1537|52.82769
1.15615|52.82722
1.15665|52.8271
1.15756|52.82685
1.15781|52.82677
1.15835|52.82655
1.16|52.82569
1.16053|52.82547
1.16152|52.82511
1.16182|52.82502
1.16183|52.82501
1.16217|52.82487
1.16295|52.82441
1.16316|52.82431
1.16326|52.82425
1.16436|52.82373
1.16503|52.82339
1.16541|52.82318
1.16582|52.823
1.16583|52.82299
1.16677|52.82261
1.16761|52.82221
1.16797|52.82202
1.16856|52.82168
1.16894|52.82151
1.16928|52.82139
1.16937|52.82137
1.16938|52.82136
1.16981|52.82127
1.16992|52.82126
1.16994|52.82125
1.17059|52.82116
1.17109|52.82106
1.17188|52.8208
1.17214|52.82074
1.17336|52.82064
1.17369|52.8206
1.17372|52.82059
1.1739|52.82056
1.17414|52.82047
1.17452|52.82036
1.17455|52.82036
1.17479|52.82029
1.17592|52.82007
1.17644|52.81989
1.1768|52.81973
1.17694|52.81969
1.17702|52.81968
1.17721|52.81968
1.17809|52.81976
1.17973|52.81979
1.17978|52.81978
1.1799|52.8199
1.18013|52.82006
1.18025|52.82016
1.18039|52.82023
1.1804|52.82024
1.18047|52.82027
1.18091|52.82039
1.18092|52.82039
1.18102|52.82041
1.18149|52.82044
1.18302|52.82041
1.18609|52.82051
1.18617|52.82057
1.18622|52.82059
1.18536|52.82275
1.18522|52.82319
1.1851|52.82387
1.185|52.82474
1.18497|52.82522
1.18498|52.82525
1.18499|52.82545
1.18514|52.82596
1.18524|52.82621
1.1854|52.82654
1.18547|52.82672
1.18556|52.827
1.18557|52.82701
1.18561|52.82722
1.18583|52.82803
1.18584|52.82815
1.18584|52.82827
1.18583|52.82838
1.1858|52.82848
1.18577|52.82855
1.18575|52.82862
1.18574|52.82871
1.18575|52.82879
1.18581|52.82895
1.18587|52.82906
1.18592|52.82918
1.1861|52.82971
1.1861|52.82992
1.186|52.83008
1.18584|52.83026
1.18558|52.83046
1.18436|52.8313
1.18429|52.83139
1.18419|52.83168
1.18416|52.83174
1.18413|52.83178
1.18411|52.83182
1.18389|52.83213
1.18346|52.83268
1.18331|52.83291
1.18327|52.83302
1.18326|52.83303
1.18324|52.83309
1.18324|52.83328
1.18325|52.83341
1.18331|52.83378
1.18332|52.8339
1.18334|52.83399
1.18338|52.83412
1.18382|52.83516
1.18393|52.83557
1.18398|52.8357
1.184|52.83578
1.18403|52.83584
1.18405|52.8359
1.18411|52.83601
1.18429|52.83623
1.18437|52.83631
1.18438|52.83633
1.18444|52.83638
1.18484|52.83677
1.18493|52.83687
1.18503|52.83694
1.1851|52.837
1.18543|52.83719
1.1859|52.83739
1.18594|52.8374
1.18605|52.83746
1.18614|52.83749
1.18642|52.83766
1.18656|52.83783
1.18666|52.83793
1.18671|52.83801
1.18676|52.83813
1.18678|52.83823
1.18679|52.83846
1.18681|52.83853
1.18683|52.83866
1.18688|52.83885
1.18696|52.83908
1.18712|52.83943
1.18729|52.83973
1.18732|52.8398
1.18736|52.83987
1.18742|52.84003
1.18743|52.84003
1.18751|52.84027
1.18762|52.84078
1.18764|52.84091
1.1877|52.84118
1.18774|52.84155
1.18772|52.8417
1.18769|52.84182
1.18762|52.84259
1.18749|52.84302
1.18747|52.84312
1.18747|52.84346
1.18749|52.84358
1.1875|52.84371
1.18753|52.84382
1.18757|52.84389
1.18767|52.84412
1.18814|52.84493
1.18816|52.84498
1.18819|52.84503
1.18825|52.8452
1.18826|52.84526
1.18826|52.84533
1.18821|52.84555
1.18819|52.84579
1.1882|52.84586
1.1882|52.84593
1.18829|52.8464
1.18839|52.84682
1.18839|52.84688
1.1884|52.84693
1.18839|52.84694
1.18839|52.847
1.18834|52.8471
1.18816|52.8473
1.18803|52.84742
1.18782|52.84766
1.18761|52.84809
1.18741|52.84858
1.18736|52.8488
1.18731|52.84916
1.1873|52.84935
1.18733|52.85
1.18744|52.85084
1.18746|52.85113
1.18746|52.85131
1.18744|52.85159
1.18742|52.8517
1.18735|52.85184
1.18722|52.85197
1.18602|52.85284
1.18555|52.85326
1.18554|52.85326
1.18436|52.85437
1.1841|52.85455
1.18402|52.85456
1.18366|52.85467
1.18327|52.85475
1.18302|52.85478
1.18268|52.8548
1.18232|52.8548
1.18219|52.85479
1.18207|52.85479
1.18196|52.85477
1.18185|52.85476
1.1818|52.85474
1.1817|52.85473
1.18076|52.85449
1.1817|52.85473
1.1818|52.85474
1.18185|52.85476
1.18196|52.85477
1.18207|52.85479
1.18219|52.85479
1.18232|52.8548
1.18268|52.8548
1.18302|52.85478
1.18327|52.85475
1.18366|52.85467
1.18402|52.85456
1.1841|52.85455
1.18436|52.85437
1.18473|52.85429
1.18561|52.85416
1.18628|52.8541
1.1871|52.85407
1.18827|52.85399
1.18928|52.85401
1.18941|52.854
1.18956|52.854
1.19085|52.85393
1.19243|52.85395
1.19303|52.85393
1.19346|52.85389
1.19352|52.85389
1.19411|52.85384
1.19441|52.85383
1.19486|52.85386
1.19646|52.85406
1.19835|52.85441
1.20047|52.85499
1.20155|52.85522
1.20272|52.85539
1.203|52.85541
1.20346|52.85542
1.2044|52.85533
1.205|52.85468
1.20527|52.85446
1.20566|52.85407
1.20593|52.85377
1.20702|52.85402
1.20932|52.85444
1.20961|52.85451
1.2107|52.85494
1.21113|52.85508
1.21162|52.85518
1.21299|52.85553
1.21373|52.85568
1.2149|52.85596
1.2156|52.85617
1.2162|52.85631
1.21721|52.85658
1.21758|52.85665
1.21779|52.85667
1.21861|52.85681
1.21968|52.85709
1.22034|52.85723
1.22188|52.85747
1.22525|52.85788
1.22539|52.85791
1.22591|52.85807
1.22663|52.85814
1.22801|52.85834
1.22922|52.85859
1.22975|52.85872
1.23006|52.85881
1.23016|52.85883
1.23017|52.85883
1.23024|52.85885
1.23034|52.85885
1.2307|52.85882
1.23088|52.85882
1.23097|52.85886
1.23137|52.85909
1.23166|52.85923
1.23231|52.85958
1.23327|52.86019
1.23317|52.86028
1.23325|52.86031
1.23333|52.86041
1.23335|52.86049
1.23315|52.86117
1.23313|52.86141
1.23316|52.86162
1.23323|52.86172
1.23333|52.86181
1.23346|52.86191
1.23402|52.8622
1.23405|52.86222
1.23449|52.86226
1.23607|52.86228
1.23613|52.86229
1.23673|52.86231
1.23863|52.86255
1.2391|52.86256
1.24028|52.86248
1.24035|52.86262
1.24039|52.86268
1.24045|52.86284
1.24046|52.86288
1.24045|52.86309
1.24047|52.86316
1.24049|52.86318
1.24051|52.86321
1.24073|52.86342
1.24088|52.86353
1.24105|52.86361
1.24108|52.86359
1.24121|52.86346
1.24184|52.86273
1.24196|52.86255
1.24203|52.86242
1.24223|52.86193
1.24225|52.86184
1.24225|52.86179
1.24221|52.86165
1.24192|52.86083
1.24191|52.86078
1.2419|52.86077
1.24189|52.86071
1.24189|52.86054
1.24212|52.85957
1.24217|52.85927
1.24218|52.85914
1.24217|52.85886
1.24213|52.85861
1.24211|52.85854
1.24205|52.85843
1.24197|52.85831
1.24189|52.85823
1.24173|52.8581
1.24157|52.85799
1.24146|52.8579
1.24138|52.85779
1.24128|52.85748
1.24127|52.85741
1.24131|52.85728
1.24149|52.857
1.24166|52.85663
1.24147|52.85661
1.2412|52.85655
1.2409|52.85645
1.24092|52.85643
1.24094|52.8564
1.24102|52.85624
1.24123|52.85592
1.24131|52.85571
1.24135|52.85552
1.24145|52.85528
1.24163|52.85503
1.24182|52.85473
1.24186|52.85463
1.24203|52.85398
1.24203|52.85389
1.24202|52.8538
1.24193|52.85349
1.2419|52.85329
1.24188|52.85306
1.24188|52.85291
1.24189|52.85284
1.24193|52.85273
1.24208|52.85249
1.24224|52.85229
1.24225|52.85227
1.24275|52.85176
1.24394|52.85077
1.24458|52.85018
1.24469|52.85006
1.24477|52.84989
1.24479|52.8498
1.24481|52.8496
1.24478|52.84942
1.24465|52.84891
1.24462|52.84822
1.24466|52.84805
1.24489|52.84759
1.24503|52.84725
1.24505|52.8471
1.24504|52.84701
1.245|52.84681
1.24483|52.84613
1.24472|52.84592
1.24452|52.84563
1.2442|52.84511
1.24408|52.84481
1.24398|52.8446
1.24357|52.84393
1.24354|52.84386
1.2427|52.84254
1.24254|52.84225
1.24249|52.84214
1.24247|52.84205
1.24247|52.84193
1.24249|52.84182
1.24276|52.84122
1.24283|52.84086
1.24286|52.84076
1.24292|52.84068
1.24305|52.84056
1.24344|52.84025
1.24348|52.84021
1.24354|52.84013
1.24359|52.84003
1.24362|52.83993
1.24364|52.83978
1.24365|52.83974
1.24367|52.83971
1.24372|52.83968
1.24378|52.83966
1.24383|52.83965
1.24396|52.83964
1.24452|52.83956
1.24533|52.83949
1.24591|52.83946
1.24656|52.83945
1.24688|52.83947
1.24708|52.83952
1.25021|52.84014
1.2506|52.84019
1.25078|52.8402
1.2509|52.84022
1.25105|52.84022
1.25117|52.84021
1.25122|52.8402
1.25132|52.84016
1.25181|52.83979
1.2519|52.83974
1.25212|52.83965
1.25226|52.83961
1.25242|52.83958
1.25244|52.83957
1.25316|52.83951
1.25349|52.83946
1.25379|52.83938
1.25403|52.83929
1.25428|52.83914
1.25433|52.8391
1.25449|52.83894
1.25477|52.83863
1.25494|52.83849
1.25552|52.8382
1.25655|52.83784
1.25675|52.83775
1.25716|52.83752
1.25797|52.83711
1.25865|52.8367
1.25884|52.83663
1.2599|52.83616
1.26028|52.83597
1.26032|52.83596
1.26045|52.83591
1.26158|52.83562
1.26187|52.83557
1.26243|52.83552
1.26329|52.83537
1.26407|52.83521
1.26484|52.83514
1.26598|52.83517
1.26765|52.83517
1.26864|52.83525
1.27036|52.83548
1.27181|52.8356
1.27182|52.83541
1.27239|52.83536
1.27324|52.83517
1.27494|52.83484
1.27524|52.83481
1.27526|52.8348
1.27613|52.83476
1.27948|52.83477
1.28208|52.8347
1.28501|52.83475
1.28708|52.83473
1.28892|52.83467
1.29374|52.83426
1.29391|52.83421
1.2938|52.83416
1.2937|52.83408
1.29362|52.83396
1.29358|52.83388
1.29357|52.83383
1.29304|52.83243
1.29189|52.82911
1.29116|52.82721
1.29116|52.82718
1.29105|52.82683
1.29104|52.82681
1.29081|52.82615
1.29077|52.82607
1.29076|52.82598
1.29076|52.82591
1.29085|52.82555
1.29118|52.82442
1.29132|52.82403
1.29161|52.82347
1.29202|52.8228
1.2921|52.82261
1.29215|52.82246
1.29221|52.82223
1.29222|52.82212
1.29222|52.82204
1.29215|52.82167
1.2919|52.82087
1.29165|52.82034
1.29162|52.82029
1.29159|52.82026
1.29148|52.8202
1.29103|52.82005
1.2902|52.81981
1.28994|52.8197
1.2899|52.81967
1.28988|52.81965
1.28986|52.81962
1.28981|52.81957
1.28977|52.8195
1.2894|52.81847
1.28931|52.81827
1.28921|52.81811
1.28887|52.81776
1.28875|52.81767
1.28866|52.81762
1.28857|52.81758
1.28826|52.81747
1.28731|52.81724
1.28707|52.81714
1.2872|52.81686
1.28769|52.81612
1.28792|52.8158
1.28801|52.81569
1.28805|52.81565
1.28817|52.81561
1.28874|52.81558
1.28892|52.81552
1.28918|52.81539
1.28948|52.8152
1.29003|52.81481
1.29007|52.81479
1.29027|52.81462
1.29074|52.81417
1.29098|52.81389
1.29132|52.81337
1.29144|52.81315
1.29161|52.81289
1.29184|52.81288
1.29191|52.81286
1.29226|52.81269
1.29267|52.81247
1.29274|52.81245
1.29281|52.81245
1.29282|52.81241
1.29283|52.81239
1.293|52.81225
1.29354|52.81193
1.29389|52.8117
1.29432|52.81138
1.29495|52.81077
1.29579|52.80964
1.29586|52.80952
1.29592|52.80937
1.29595|52.80927
1.29596|52.80925
1.296|52.80904
1.29604|52.80873
1.29605|52.80869
1.29608|52.80832
1.29618|52.80784
1.2963|52.80743
1.2965|52.80687
1.29666|52.80654
1.29697|52.80557
1.29701|52.80548
1.29705|52.80542
1.29728|52.80516
1.2973|52.80512
1.29789|52.80422
1.30026|52.80083
1.30052|52.80038
1.30069|52.80004
1.3008|52.79965
1.30083|52.79941
1.30082|52.79923
1.30079|52.799
1.30074|52.79879
1.30061|52.79842
1.30055|52.79816
1.30055|52.79794
1.30059|52.79763
1.30067|52.79723
1.30094|52.79535
1.30337|52.7955
1.30361|52.79548
1.30508|52.79527
1.30532|52.79527
1.30551|52.79529
1.30568|52.79532
1.30595|52.79539
1.3061|52.79544
1.30618|52.79545
1.30704|52.79565
1.30731|52.7957
1.30812|52.79581
1.30819|52.79581
1.30835|52.79578
1.30838|52.79576
1.3084|52.79574
1.30842|52.79573
1.30843|52.79571
1.30886|52.79528
1.30888|52.79527
1.30896|52.7952
1.30907|52.79513
1.30908|52.79512
1.30918|52.79506
1.30947|52.79492
1.30957|52.79489
1.30978|52.79481
1.31035|52.79465
1.31125|52.7943
1.31232|52.79379
1.31262|52.79368
1.31364|52.79347
1.31423|52.79338
1.31487|52.79334
1.31521|52.79334
1.31705|52.79317
1.31733|52.79313
1.31837|52.79292
1.31875|52.79288
1.31906|52.79289
1.31911|52.7929
1.32009|52.79299
1.32045|52.79299
1.32076|52.79297
1.32115|52.79291
1.32156|52.79281
1.32256|52.79244
1.32372|52.7921
1.32426|52.79196
1.3245|52.79191
1.32451|52.79192
1.32559|52.79166
1.32574|52.79161
1.32581|52.79158
1.32587|52.79154
1.3259|52.79151
1.32591|52.79148
1.32593|52.79145
1.32594|52.79142
1.32601|52.7904
1.326|52.78975
1.32601|52.78971
1.32605|52.78917
1.3261|52.78876
1.32678|52.78633
1.32678|52.78632
1.32694|52.7857
1.32703|52.7852
1.32709|52.785
1.32719|52.78473
1.32721|52.78465
1.32722|52.78456
1.32722|52.78443
1.32713|52.78395
1.32713|52.78388
1.32714|52.78383
1.32715|52.78381
1.32719|52.7836
1.32777|52.78171
1.32858|52.78172
1.32978|52.78182
1.33222|52.78197
1.33424|52.78228
1.33697|52.78258
1.33736|52.78259
1.33746|52.78258
1.33752|52.78258
1.33775|52.78256
1.33922|52.78262
1.3417|52.78266
1.34262|52.78265
1.34278|52.78264
1.34284|52.78263
1.34362|52.78259
1.3444|52.7825
1.34469|52.78245
1.34474|52.78245
1.3461|52.78218
1.34613|52.78217
1.34746|52.78193
1.34975|52.78132
1.34996|52.78125
1.35008|52.78122
1.35081|52.78092
1.35142|52.78061
1.35262|52.78009
1.35282|52.77999
1.35298|52.77988
1.35321|52.77976
1.35361|52.77959
1.35587|52.77872
1.35739|52.77828
1.35779|52.77814
1.35908|52.77775
1.35918|52.77769
1.35924|52.77763
1.35927|52.77759
1.35928|52.77753
1.35922|52.77708
1.35919|52.77673
1.35919|52.7765
1.35921|52.77624
1.3592|52.77617
1.35916|52.77605
1.35909|52.77595
1.35909|52.77594
1.35903|52.77582
1.35901|52.77575
1.35899|52.77563
1.359|52.77558
1.35908|52.77541
1.3592|52.77543
1.36047|52.77548
1.36104|52.77544
1.3613|52.7754
1.36168|52.77531
1.36194|52.77522
1.36298|52.77481
1.36304|52.77478
1.36505|52.774
1.36589|52.77365
1.36652|52.77335
1.36696|52.7731
1.36717|52.77296
1.36744|52.77272
1.36765|52.77242
1.36765|52.77241
1.36788|52.77208
1.36791|52.77202
1.36835|52.77142
1.36846|52.77122
1.36915|52.77019
1.36932|52.76991
1.36967|52.7694
1.36977|52.76923
1.3698|52.76916
1.37015|52.76853
1.37017|52.76846
1.37021|52.76819
1.37043|52.76818
1.37107|52.76819
1.37291|52.76812
1.3744|52.768
1.37653|52.76772
1.37868|52.76731
1.37942|52.76714
1.37951|52.76713
1.38126|52.76671
1.38072|52.76573
1.38028|52.76499
1.37957|52.76398
1.38029|52.76395
1.38106|52.76397
1.38493|52.76395
1.39362|52.76401
1.39381|52.76402
1.39428|52.76401
1.39505|52.76394
1.39532|52.7639
1.39534|52.76389
1.39551|52.76385
1.39571|52.76379
1.39584|52.76374
1.39601|52.76365
1.39614|52.76361
1.39631|52.76361
1.39651|52.76359
1.39744|52.76356
1.39786|52.76361
1.39958|52.76389
1.40026|52.76392
1.4015|52.76389
1.40159|52.76388
1.40238|52.76389
1.40305|52.76399
1.40359|52.76404
1.40412|52.76413
1.40609|52.7643
1.407|52.76432
1.40769|52.76436
1.40824|52.76437
1.40881|52.76441
1.4092|52.76441
1.4093|52.7644
1.40943|52.76437
1.40989|52.76431
1.4106|52.7643
1.41089|52.76428
1.41197|52.76412
1.41213|52.76411
1.41286|52.76412
1.41313|52.7641
1.41331|52.7641
1.41344|52.76409
1.41595|52.76406
1.41594|52.76391
1.41582|52.7633
1.41573|52.76292
1.41568|52.76253
1.41568|52.76232
1.41574|52.76193
1.41575|52.7618
1.41569|52.7614
1.41567|52.76106
1.4156|52.76059
1.4156|52.7605
1.41561|52.76045
1.41563|52.76039
1.41567|52.7603
1.41573|52.7602
1.41582|52.7601
1.41584|52.76009
1.416|52.75995
1.41618|52.75982
1.4163|52.7597
1.41641|52.75957
1.41653|52.75939
1.41656|52.75933
1.41658|52.75927
1.41657|52.75916
1.41658|52.75901
1.41662|52.75887
1.41675|52.75855
1.41704|52.758
1.41722|52.75778
1.41724|52.75774
1.41761|52.75738
1.41779|52.75723
1.41792|52.75714
1.41806|52.75702
1.41816|52.75692
1.41829|52.75677
1.41852|52.75637
1.41891|52.75551
1.419|52.75524
1.41901|52.75513
1.41907|52.75475
1.41914|52.75444
1.41933|52.75382
1.41943|52.75356
1.41956|52.75328
1.41989|52.75292
1.4199|52.7529
1.41999|52.75279
1.42003|52.75273
1.42004|52.75267
1.42006|52.75261
1.42014|52.75228
1.42014|52.75225
1.42017|52.75215
1.42015|52.75199
1.42015|52.75185
1.42016|52.75176
1.42019|52.75169
1.4202|52.75168
1.42022|52.75165
1.42048|52.75142
1.42073|52.75125
1.42105|52.75106
1.42255|52.75027
1.42274|52.75012
1.42299|52.74987
1.42346|52.74935
1.42365|52.74908
1.42395|52.74857
1.42395|52.74853
1.4239|52.74828
1.4239|52.74823
1.42385|52.74788
1.42388|52.74766
1.42392|52.74751
1.42401|52.74735
1.42413|52.74722
1.4245|52.74693
1.42459|52.74683
1.4247|52.74665
1.42482|52.74654
1.42513|52.7463
1.42535|52.74611
1.42571|52.74576
1.42582|52.74562
1.42628|52.74515
1.42641|52.74504
1.42661|52.74489
1.42659|52.74486
1.42659|52.74485
1.4266|52.74484
1.42661|52.74482
1.42663|52.7448
1.42594|52.74448
1.42578|52.74438
1.42557|52.74423
1.42541|52.74413
1.42473|52.74359
1.42462|52.74349
1.42406|52.74287
1.42372|52.74256
1.42207|52.74122
1.42189|52.74106
1.42112|52.74051
1.42096|52.74037
1.42105|52.73991
1.42109|52.7398
1.42113|52.73974
1.42141|52.73914
1.42146|52.73898
1.42148|52.73867
1.42279|52.7387
1.42349|52.73874
1.42363|52.73874
1.42373|52.73873
1.42455|52.73885
1.42459|52.73887
1.42462|52.73888
1.42466|52.73892
1.42473|52.73918