1.43244|52.73702
1.43253|52.73698
1.4326|52.73693
1.43262|52.73687
1.43247|52.73507
1.43239|52.73506
1.4311|52.73511
1.43058|52.73519
1.43007|52.73533
1.42979|52.73543
1.42971|52.73545
1.42966|52.73547
1.42942|52.73552
1.42925|52.73554
1.42882|52.73555
1.42718|52.73543
1.42662|52.73544
1.42622|52.73548
1.42617|52.73548
1.42592|52.73551
1.42503|52.73556
1.42376|52.73549
1.42338|52.73545
1.42275|52.73546
1.42189|52.73553
1.42129|52.7356
1.42125|52.73506
1.42125|52.73494
1.42115|52.7333
1.42115|52.73251
1.42109|52.73204
1.42092|52.73164
1.42078|52.7315
1.42035|52.73115
1.42027|52.73106
1.42014|52.73086
1.42008|52.73075
1.42004|52.73065
1.42003|52.73061
1.41987|52.7303
1.41974|52.73008
1.41967|52.72998
1.41966|52.72996
1.41956|52.72983
1.41858|52.72873
1.41845|52.72856
1.41842|52.72853
1.4183|52.72837
1.41817|52.72824
1.41798|52.72799
1.41776|52.72759
1.41712|52.72633
1.41694|52.72591
1.41687|52.72568
1.41683|52.72548
1.4166|52.72493
1.41655|52.72486
1.4165|52.72481
1.41644|52.72478
1.41637|52.72476
1.41628|52.72475
1.41626|52.72468
1.41607|52.72337
1.41584|52.72215
1.41576|52.72189
1.41559|52.72142
1.41542|52.72101
1.41477|52.71964
1.41451|52.71916
1.41418|52.71865
1.41323|52.71735
1.41296|52.71686
1.41266|52.71623
1.41249|52.71595
1.41148|52.71463
1.41129|52.71435
1.40979|52.71485
1.40952|52.71496
1.40922|52.7151
1.40904|52.71523
1.40894|52.71529
1.4083|52.71587
1.40795|52.71616
1.40722|52.7167
1.40618|52.71753
1.40595|52.7177
1.40558|52.71791
1.40545|52.71797
1.40536|52.718
1.40525|52.71805
1.40394|52.71849
1.40313|52.7187
1.40219|52.71898
1.40218|52.71898
1.4016|52.71916
1.40125|52.71922
1.40102|52.71923
1.40027|52.71923
1.4002|52.71922
1.40002|52.71922
1.39838|52.71913
1.39678|52.71914
1.39496|52.7191
1.39361|52.7192
1.39331|52.71924
1.39323|52.71919
1.39295|52.71905
1.39238|52.7188
1.39235|52.71878
1.39189|52.71859
1.39119|52.71826
1.39118|52.71826
1.39009|52.71766
1.38981|52.71748
1.38954|52.71716
1.38932|52.71693
1.3892|52.71676
1.3891|52.71654
1.38907|52.71628
1.38909|52.71621
1.3891|52.71615
1.38909|52.71606
1.38885|52.71533
1.38869|52.71534
1.38854|52.71536
1.38825|52.71538
1.38808|52.71538
1.38779|52.71532
1.3877|52.71531
1.38762|52.71531
1.38759|52.71532
1.38742|52.71545
1.38731|52.71558
1.38722|52.71571
1.38699|52.71616
1.38697|52.71622
1.38697|52.71636
1.38698|52.71643
1.38697|52.71649
1.38676|52.71694
1.38672|52.71706
1.38671|52.71711
1.38671|52.71718
1.38673|52.71721
1.38679|52.71727
1.3868|52.71727
1.38716|52.71756
1.3872|52.71767
1.38721|52.71773
1.3872|52.7178
1.38714|52.71799
1.3871|52.71808
1.3871|52.71809
1.38697|52.71823
1.38695|52.71824
1.38687|52.71832
1.38678|52.71839
1.38668|52.71849
1.3866|52.71855
1.38631|52.71882
1.38617|52.71893
1.38614|52.71896
1.38613|52.71898
1.3861|52.71901
1.38608|52.71905
1.38608|52.71907
1.38615|52.71921
1.38642|52.71959
1.38649|52.71972
1.38676|52.72011
1.3868|52.72018
1.38693|52.72032
1.38725|52.72052
1.3876|52.72066
1.38763|52.72068
1.38807|52.72086
1.38813|52.72089
1.38852|52.72114
1.38842|52.72119
1.38752|52.72152
1.3872|52.72167
1.38711|52.7217
1.3867|52.72189
1.38664|52.72191
1.3857|52.72245
1.38521|52.72271
1.38468|52.72303
1.38465|52.72304
1.38353|52.7238
1.38257|52.72435
1.38168|52.72482
1.38069|52.72529
1.38068|52.7253
1.37756|52.72661
1.37703|52.72677
1.37682|52.72682
1.37635|52.7269
1.37629|52.7269
1.37596|52.72694
1.37466|52.727
1.37433|52.72703
1.37428|52.72703
1.37397|52.72707
1.37352|52.72716
1.37341|52.72719
1.3731|52.7273
1.3725|52.72754
1.37227|52.72765
1.37195|52.72783
1.37182|52.72792
1.3716|52.72804
1.37156|52.72805
1.37149|52.72809
1.37126|52.72818
1.37078|52.72832
1.37045|52.72839
1.37013|52.72842
1.36957|52.72842
1.36891|52.72839
1.36841|52.72835
1.36528|52.72799
1.36489|52.72796
1.36481|52.72796
1.36411|52.72791
1.3627|52.72798
1.36229|52.72797
1.36187|52.72793
1.36156|52.72786
1.36047|52.72767
1.36045|52.72766
1.35984|52.72755
1.35936|52.72752
1.35888|52.72755
1.35869|52.72759
1.35859|52.72762
1.35836|52.72773
1.35802|52.72795
1.3578|52.72802
1.3574|52.72817
1.35735|52.7282
1.35717|52.7282
1.35697|52.72818
1.35664|52.72812
1.35643|52.72807
1.35612|52.72802
1.35607|52.72802
1.35589|52.72799
1.35561|52.72796
1.35475|52.72781
1.35423|52.72769
1.35367|52.72753
1.35297|52.72727
1.35259|52.72709
1.35231|52.72694
1.35206|52.72679
1.35177|52.72664
1.35178|52.72663
1.35178|52.72659
1.35177|52.72658
1.35175|52.72658
1.35174|52.72657
1.35169|52.72657
1.35167|52.72658
1.35165|52.7266
1.35165|52.72663
1.35166|52.72664
1.3514|52.72678
1.35134|52.72683
1.3513|52.72688
1.35127|52.72698
1.35109|52.72794
1.35102|52.72816
1.351|52.7282
1.35085|52.72841
1.3505|52.72867
1.35034|52.72875
1.34998|52.72887
1.3494|52.72894
1.34841|52.72899
1.34836|52.729
1.34689|52.72904
1.34661|52.72906
1.34314|52.72948
1.34233|52.72961
1.34016|52.73004
1.34008|52.73005
1.33782|52.73055
1.33704|52.73066
1.33617|52.73069
1.33396|52.73065
1.33365|52.73067
1.33268|52.73082
1.3321|52.73097
1.33175|52.73111
1.33171|52.73109
1.33163|52.73106
1.33152|52.73103
1.33133|52.73101
1.33038|52.73097
1.32856|52.73079
1.32845|52.73077
1.32423|52.73034
1.32371|52.73033
1.32224|52.73036
1.32018|52.73023
1.31914|52.73014
1.31844|52.73006
1.31765|52.73004
1.31844|52.73006
1.31914|52.73014
1.32018|52.73023
1.32224|52.73036
1.32328|52.73034
1.32328|52.73018
1.32333|52.7297
1.32333|52.72964
1.32339|52.72916
1.32338|52.72876
1.32332|52.72839
1.32324|52.72805
1.32301|52.72752
1.32293|52.7274
1.32202|52.72562
1.32193|52.72548
1.32111|52.72391
1.32076|52.72336
1.32065|52.72316
1.32058|52.72295
1.32056|52.72278
1.32057|52.72259
1.32061|52.72234
1.32069|52.722
1.32073|52.72187
1.32087|52.7215
1.32095|52.72135
1.32106|52.72108
1.32112|52.72088
1.32121|52.72046
1.32125|52.72005
1.32128|52.7199
1.32132|52.7196
1.3214|52.71927
1.3214|52.71925
1.32157|52.71823
1.32187|52.71726
1.32195|52.71674
1.32199|52.71659
1.32205|52.71647
1.32233|52.71598
1.32241|52.71581
1.32273|52.71526
1.32278|52.71514
1.32281|52.715
1.3229|52.71475
1.32295|52.71468
1.32326|52.71447
1.32338|52.71436
1.32349|52.71422
1.32359|52.71404
1.32404|52.71293
1.32415|52.71249
1.32417|52.71227
1.32421|52.71209
1.32424|52.712
1.32427|52.71194
1.32465|52.71159
1.32486|52.71143
1.32491|52.71123
1.32527|52.71026
1.3253|52.71015
1.32536|52.70981
1.32537|52.7097
1.32541|52.70948
1.32539|52.70931
1.32541|52.70896
1.32544|52.7087
1.32544|52.70867
1.3255|52.70838
1.32555|52.70823
1.32572|52.70788
1.32577|52.70783
1.32614|52.70752
1.32629|52.70743
1.32662|52.70719
1.32683|52.70701
1.32699|52.70691
1.32726|52.70681
1.32788|52.7067
1.32798|52.7067
1.32832|52.70667
1.32861|52.70667
1.32879|52.70669
1.32898|52.70669
1.32938|52.70671
1.33017|52.7067
1.33054|52.70667
1.3306|52.70666
1.33063|52.70665
1.3316|52.70645
1.3321|52.70639
1.33273|52.70637
1.33294|52.70638
1.3332|52.70641
1.33325|52.70641
1.33337|52.70643
1.3335|52.70644
1.33363|52.70646
1.33379|52.70646
1.33395|52.70644
1.33407|52.70641
1.33408|52.7064
1.33414|52.70638
1.33438|52.70627
1.33495|52.70592
1.33548|52.70555
1.33649|52.70492
1.33662|52.70485
1.33666|52.70482
1.33668|52.70479
1.3367|52.70477
1.33722|52.70391
1.3383|52.70253
1.33892|52.70182
1.33928|52.70136
1.33931|52.70129
1.33955|52.70086
1.33979|52.70059
1.34012|52.70028
1.34043|52.70002
1.34126|52.69945
1.34146|52.69933
1.34169|52.69924
1.34209|52.69913
1.34184|52.69886
1.34147|52.69852
1.33958|52.69721
1.33931|52.69699
1.33908|52.69676
1.33906|52.69675
1.3388|52.69649
1.33835|52.69587
1.3382|52.69561
1.33766|52.69431
1.33762|52.69423
1.33758|52.6941
1.33725|52.69325
1.33706|52.69289
1.33701|52.69277
1.33674|52.69224
1.33617|52.69125
1.33418|52.68814
1.33448|52.68807
1.33466|52.68804
1.33472|52.68804
1.33477|52.68805
1.33489|52.68806
1.3356|52.68821
1.33613|52.6883
1.33683|52.68836
1.34067|52.68844
1.34218|52.68857
1.34411|52.68861
1.34585|52.68872
1.34766|52.6889
1.34866|52.68894
1.34908|52.68894
1.3492|52.68895
1.35086|52.68899
1.35088|52.689
1.35139|52.689
1.35186|52.68902
1.35258|52.68902
1.35313|52.68904
1.35396|52.68904
1.35444|52.68909
1.3547|52.68915
1.35479|52.68919
1.35488|52.68922
1.35541|52.68948
1.35548|52.6895
1.35553|52.68952
1.35569|52.68954
1.35582|52.68954
1.35804|52.68905
1.35866|52.68889
1.35917|52.68873
1.35978|52.68848
1.36161|52.68758
1.36204|52.68741
1.36236|52.6873
1.36276|52.6872
1.36333|52.68708
1.3628|52.68647
1.36276|52.68641
1.36273|52.68635
1.36272|52.68627
1.3626|52.68607
1.363|52.68612
1.36569|52.68572
1.36576|52.6857
1.36589|52.68568
1.36609|52.68561
1.36629|52.68551
1.36629|52.6855
1.36647|52.68539
1.36691|52.68508
1.36728|52.68477
1.36812|52.68393
1.36847|52.68353
1.36946|52.68252
1.36967|52.68233
1.36988|52.68219
1.37007|52.68208
1.37031|52.68196
1.37116|52.6816
1.37056|52.6811
1.36785|52.67839
1.36714|52.67774
1.367|52.67764
1.36647|52.67734
1.36673|52.67722
1.368|52.67677
1.36812|52.67665
1.36831|52.67649
1.3692|52.67583
1.3694|52.67566
1.36961|52.67544
1.36971|52.67532
1.36992|52.67501
1.37|52.67486
1.37015|52.67452
1.37022|52.6743
1.37026|52.67414
1.37027|52.67412
1.37032|52.67386
1.37032|52.67363
1.37023|52.67304
1.37015|52.67266
1.37011|52.6724
1.37002|52.67203
1.37|52.67185
1.37001|52.67174
1.37005|52.67165
1.37015|52.67152
1.37019|52.67148
1.37028|52.67141
1.37052|52.67118
1.37056|52.67112
1.37059|52.67109
1.37065|52.67098
1.37069|52.67087
1.3708|52.67033
1.37081|52.67031
1.37083|52.67013
1.37083|52.66992
1.37076|52.66917
1.37075|52.66912
1.3707|52.66851
1.37072|52.66764
1.37074|52.6674
1.37086|52.66695
1.37094|52.6667
1.37117|52.66619
1.37123|52.66609
1.3717|52.66555
1.37192|52.66537
1.37223|52.66509
1.37257|52.66486
1.37637|52.6621
1.37653|52.66196
1.37661|52.6619
1.37664|52.66191
1.37672|52.66191
1.37675|52.6619
1.37676|52.66189
1.37678|52.66185
1.37674|52.66181
1.37691|52.6617
1.38003|52.65943
1.38059|52.659
1.38156|52.65818
1.38237|52.65755
1.38294|52.65706
1.38395|52.65624
1.38455|52.65572
1.38456|52.65572
1.3853|52.6551
1.38521|52.65507
1.3854|52.65495
1.38558|52.65485
1.38576|52.65472
1.38734|52.65342
1.38783|52.65299
1.38808|52.65273
1.3886|52.65213
1.38912|52.65158
1.39135|52.64968
1.39143|52.64959
1.39164|52.64942
1.39208|52.6491
1.39209|52.6491
1.39249|52.6487
1.39272|52.64834
1.39301|52.64781
1.39303|52.64779
1.39312|52.64764
1.39324|52.64751
1.39341|52.64735
1.39345|52.64732
1.39378|52.64702
1.39381|52.647
1.3939|52.64689
1.39397|52.64678
1.39402|52.64667
1.39408|52.64648
1.39413|52.64618
1.39414|52.64617
1.39416|52.64586
1.39416|52.64573
1.39418|52.64561
1.39426|52.64537
1.39443|52.64507
1.39476|52.64462
1.39486|52.64445
1.39487|52.64444
1.3949|52.64436
1.39496|52.64402
1.395|52.64386
1.39508|52.64364
1.39519|52.64341
1.39528|52.64327
1.39542|52.6431
1.39554|52.643
1.39625|52.64248
1.39659|52.64215
1.39664|52.64211
1.39672|52.64199
1.39682|52.64186
1.39693|52.64165
1.397|52.64148
1.39706|52.64126
1.39709|52.64104
1.39709|52.64096
1.39705|52.64088
1.39766|52.64066
1.39845|52.64041
1.39912|52.64014
1.39955|52.63999
1.39967|52.63997
1.39985|52.63987
1.40011|52.63966
1.40063|52.6392
1.40011|52.63966
1.39985|52.63987
1.39967|52.63997
1.39974|52.64002
1.39983|52.6401
1.4001|52.64031
1.40017|52.64034
1.40222|52.64148
1.4028|52.64193
1.40297|52.6421
1.40308|52.64224
1.40314|52.6423
1.40324|52.64242
1.40329|52.64247
1.40349|52.64263
1.40353|52.64265
1.40393|52.64291
1.40394|52.64292
1.40414|52.64306
1.40427|52.64317
1.40435|52.64329
1.40461|52.64382
1.40461|52.64384
1.40468|52.644
1.40471|52.64414
1.40478|52.64431
1.40519|52.64564
1.40546|52.64672
1.40551|52.64688
1.40554|52.64695
1.40563|52.64707
1.40592|52.64706
1.40643|52.64701
1.40677|52.647
1.40766|52.64707
1.40831|52.64716
1.40899|52.64728
1.40982|52.64748
1.41116|52.64768
1.41155|52.64772
1.41203|52.64781
1.41231|52.64785
1.41286|52.64796
1.41325|52.64802
1.41342|52.64803
1.41371|52.64803
1.41383|52.64804
1.4143|52.64803
1.4146|52.64804
1.41486|52.648
1.41552|52.64795
1.41579|52.6479
1.41599|52.64789
1.41703|52.64777
1.41722|52.64777
1.41733|52.64776
1.41738|52.64766
1.4175|52.6475
1.41753|52.64744
1.41759|52.64729
1.41765|52.64709
1.4177|52.64696
1.41774|52.6468
1.4178|52.64664
1.41783|52.64653
1.41844|52.64487
1.41848|52.64479
1.41869|52.64426
1.41869|52.64425
1.41901|52.64349
1.41925|52.64299
1.41927|52.64292
1.41934|52.64275
1.41939|52.64259
1.4194|52.64257
1.41952|52.64222
1.41957|52.64204
1.41964|52.6419
1.41972|52.64177
1.42008|52.64136
1.42018|52.64123
1.42018|52.64122
1.42023|52.64113
1.42027|52.64099
1.42031|52.6406
1.42031|52.64051
1.42033|52.64034
1.42034|52.6403
1.42048|52.64003
1.42049|52.63996
1.42047|52.63984
1.42042|52.63977
1.41963|52.63911
1.41942|52.63891
1.41913|52.63858
1.41895|52.63833
1.41879|52.63803
1.41863|52.63767
1.41854|52.63741
1.4183|52.63682
1.41823|52.63672
1.41817|52.63666
1.41785|52.63623
1.41755|52.63592
1.41741|52.63576
1.4174|52.63576
1.41734|52.63569
1.41729|52.63562
1.4172|52.63547
1.4171|52.63533
1.41708|52.63531
1.41712|52.63526
1.41711|52.63513
1.41712|52.63505
1.41729|52.63439
1.41729|52.63427
1.41724|52.634
1.41714|52.63329
1.4171|52.63284
1.4171|52.63271
1.41722|52.63205
1.41723|52.63204
1.41729|52.63176
1.41733|52.63172
1.41741|52.63169
1.41745|52.63165
1.41747|52.63157
1.41755|52.6314
1.41757|52.63131
1.41756|52.63114
1.41605|52.63101
1.41518|52.63089
1.41334|52.63055
1.41274|52.63047
1.41142|52.63034
1.40874|52.62997
1.40746|52.62973
1.40695|52.6296
1.40646|52.62945
1.40594|52.62926
1.40549|52.62906
1.40458|52.6286
1.40382|52.62825
1.40288|52.62788
1.40175|52.6275
1.40034|52.62709
1.39744|52.6264
1.39629|52.62618
1.39458|52.62593
1.394|52.62588
1.39386|52.62582
1.39378|52.6258
1.392|52.62562
1.39193|52.62562
1.39035|52.62548
1.3902|52.62541
1.39008|52.62532
1.39005|52.62527
1.39|52.62432
1.38998|52.62424
1.38991|52.62416
1.38983|52.62409
1.38983|52.62408
1.38975|52.62396
1.38974|52.6239
1.38974|52.62384
1.38976|52.62375
1.38983|52.62361
1.38986|52.62357
1.38996|52.62338
1.3902|52.62286
1.39043|52.62227
1.39062|52.62191
1.39076|52.62159
1.39099|52.62114
1.39101|52.621
1.39102|52.62083
1.39102|52.62058
1.39101|52.62051
1.391|52.62033
1.39098|52.62022
1.39097|52.62012
1.39099|52.62005
1.39104|52.61998
1.3911|52.61993
1.39118|52.61988
1.39134|52.61984
1.39136|52.61983
1.39266|52.61941
1.39273|52.6194
1.39328|52.61926
1.39398|52.61914
1.39414|52.61913
1.39414|52.61912
1.40119|52.61888
1.40153|52.61889
1.40358|52.61908
1.40359|52.61909
1.40391|52.61911
1.40406|52.61911
1.40428|52.61908
1.40469|52.61896
1.40491|52.61898
1.40503|52.61904
1.40507|52.61907
1.4051|52.61912
1.40511|52.61918
1.405|52.61987
1.405|52.61989
1.40472|52.62181
1.40472|52.62188
1.4046|52.6228
1.40455|52.62353
1.40453|52.62366
1.40446|52.62388
1.40475|52.62386
1.40547|52.62384
1.4067|52.62386
1.40886|52.62405
1.40887|52.62406
1.40905|52.62408
1.40966|52.62419
1.40973|52.62421
1.41001|52.62426
1.41067|52.62442
1.41069|52.62442
1.41125|52.62454
1.41248|52.62472
1.41338|52.6248
1.41422|52.62483
1.41477|52.62488
1.41499|52.62491
1.41567|52.62506
1.41658|52.62534
1.41683|52.6254
1.41727|52.62547
1.41765|52.62549
1.4185|52.62547
1.41918|52.62548
1.42024|52.62558
1.42156|52.6256
1.42353|52.62548
1.42402|52.62543
1.42407|52.62542
1.42528|52.62531
1.42548|52.62531
1.42569|52.62535
1.4258|52.62532
1.42659|52.62531
1.42685|52.62529
1.42695|52.62529
1.42786|52.6252
1.42804|52.62517
1.42816|52.62516
1.42887|52.62506
1.42995|52.62484
1.43027|52.62476
1.43081|52.62466
1.43119|52.62457
1.4321|52.6244
1.43212|52.62442
1.43214|52.62443
1.43219|52.62443
1.43222|52.62442
1.43225|52.62439
1.43295|52.62435
1.4347|52.62407
1.43475|52.62407
1.43516|52.624
1.43612|52.62377
1.43678|52.62356
1.43871|52.62266
1.43928|52.6231
1.43968|52.62355
1.44017|52.62405
1.44036|52.62426
1.4404|52.62429
1.44161|52.6247
1.44202|52.62425
1.44205|52.62424
1.44208|52.62422
1.4422|52.6242
1.44258|52.62426
1.44293|52.62428
1.4431|52.62428
1.44318|52.62426
1.44321|52.62426
1.44333|52.62424
1.44404|52.62407
1.44421|52.62432
1.44424|52.62438
1.44431|52.62449
1.44434|52.62455
1.44437|52.62467
1.44438|52.62474
1.44438|52.62491
1.44439|52.62492
1.4444|52.62508
1.44506|52.62509
1.44516|52.6251
1.44537|52.62509
1.44577|52.62503
1.44661|52.62502
1.44708|52.62498
1.44744|52.62497
1.4477|52.62498
1.44791|52.625
1.44825|52.62506
1.44917|52.62534
1.4494|52.62544
1.44958|52.62553
1.44976|52.62558
1.4498|52.62558
1.45013|52.62564
1.4514|52.62581
1.45152|52.62581
1.45153|52.62582
1.45148|52.62589
1.45036|52.62709
1.44992|52.62765
1.44973|52.62794
1.44926|52.62845
1.44904|52.62862
1.44903|52.62864
1.44895|52.62874
1.44893|52.62881
1.44891|52.62885
1.44891|52.62897
1.44894|52.62909
1.4488|52.62957
1.44883|52.62983
1.4487|52.63059
1.44877|52.6306
1.45047|52.63072
1.45055|52.63072
1.45108|52.63076
1.45146|52.63084
1.45165|52.63089
1.45225|52.63108
1.45241|52.63112
1.45259|52.63118
1.45321|52.63134
1.45523|52.63169
1.45613|52.63182
1.45625|52.63182
1.4563|52.63181
1.45633|52.63179
1.45637|52.63175
1.45648|52.6314
1.45648|52.63139
1.4568|52.63009
1.45684|52.62998
1.45685|52.62997
1.45693|52.62979
1.45703|52.62961
1.45712|52.62947
1.45712|52.62943
1.45713|52.62937
1.45696|52.62839
1.45693|52.62826
1.45689|52.62802
1.45688|52.62785
1.45686|52.62769
1.45683|52.62759
1.4568|52.62755
1.45671|52.62738
1.4566|52.62722
1.4566|52.62721
1.45649|52.62704
1.45648|52.62701
1.45641|52.62687
1.4564|52.62683
1.45639|52.62675
1.45639|52.62672
1.4564|52.62669
1.4564|52.62668
1.45645|52.62663
1.45649|52.62661
1.45661|52.62657
1.45674|52.62656
1.45681|52.62654
1.45688|52.62651
1.45687|52.62645
1.45681|52.62627
1.45669|52.62599
1.45669|52.62598
1.45662|52.62581
1.45644|52.62529
1.45644|52.62526
1.45645|52.62524
1.45647|52.62522
1.45649|52.62521
1.4566|52.62518
1.45783|52.62505
1.45792|52.62503
1.45799|52.62499
1.45801|52.62496
1.45855|52.62486
1.45884|52.62482
1.46006|52.6247
1.46016|52.6247
1.46035|52.62468
1.4604|52.62467
1.46057|52.62466
1.46225|52.62442
1.46297|52.62437
1.46312|52.62435
1.46405|52.62428
1.46796|52.62407
1.46812|52.62407
1.46825|52.62409
1.46836|52.62401
1.46856|52.62376
1.46871|52.62352
1.46881|52.62328
1.46888|52.62304
1.46891|52.62285
1.46894|52.62273
1.46896|52.6225
1.46897|52.62211
1.46899|52.62191
1.46899|52.62165
1.46901|52.6214
1.46901|52.62126
1.46902|52.62113
1.46919|52.62033
1.46928|52.62002
1.46929|52.62001
1.46935|52.6199
1.4694|52.61983
1.4695|52.61972
1.46966|52.61958
1.46981|52.61949
1.47001|52.61931
1.4704|52.61891
1.47049|52.61885
1.47052|52.61884
1.47067|52.61875
1.47135|52.61849
1.47148|52.61842
1.47156|52.61836
1.47178|52.61813
1.47198|52.61796
1.47235|52.6177
1.47245|52.6176
1.47253|52.61749
1.47221|52.61736
1.47165|52.61723
1.47062|52.61712
1.46944|52.61704
1.46862|52.61693
1.46826|52.61685
1.46862|52.61693
1.46944|52.61704
1.47062|52.61712
1.47165|52.61723
1.47221|52.61736
1.47253|52.61749
1.4728|52.61754
1.47407|52.61798
1.4753|52.61834
1.47619|52.61855
1.47645|52.61859
1.47723|52.61864
1.47823|52.61876
1.48071|52.6187
1.48231|52.61872
1.48259|52.62014
1.48264|52.62031
1.48275|52.62081
1.48279|52.62107
1.48296|52.62191
1.48299|52.62211
1.48305|52.62238
1.48309|52.62251
1.48313|52.6226
1.48323|52.62293
1.48324|52.62304
1.48325|52.62308
1.48325|52.62327
1.48324|52.62336
1.48302|52.62411
1.48295|52.62428
1.48334|52.6243
1.48356|52.6243
1.48383|52.62432
1.48409|52.62437
1.48447|52.62442
1.48451|52.62443
1.48461|52.62443
1.48546|52.62436
1.48549|52.62435
1.48639|52.62421
1.48766|52.62396
1.48841|52.62395
1.48889|52.62391
1.48979|52.62378
1.48976|52.62384
1.48974|52.62392
1.48973|52.62444
1.48968|52.62476
1.48962|52.62496
1.48961|52.62502
1.48962|52.62509
1.48965|52.62519
1.48972|52.62529
1.48954|52.62535
1.4893|52.62548
1.48918|52.62558
1.48908|52.6257
1.489|52.62582
1.48891|52.62599
1.48878|52.62618
1.48874|52.62622
1.48864|52.6263
1.4886|52.62634
1.48683|52.62729
1.48674|52.62733
1.48622|52.62748
1.48613|52.62752
1.48566|52.62779
1.48557|52.62786
1.48553|52.62791
1.48552|52.62796
1.48552|52.62801
1.48551|52.62809
1.48557|52.62857
1.48565|52.62885
1.48569|52.62893
1.48592|52.62924
1.48598|52.62936
1.48599|52.62942
1.48597|52.6295
1.48592|52.62956
1.48583|52.62963
1.48533|52.62978
1.4852|52.62984
1.48502|52.62995
1.48496|52.63
1.4848|52.63018
1.48474|52.63027
1.48468|52.6304
1.48464|52.63051
1.48458|52.6311
1.48454|52.63129
1.48443|52.63163
1.48439|52.6318
1.48439|52.6319
1.4844|52.632
1.4844|52.63207
1.48444|52.6323
1.48444|52.63236
1.4845|52.63289
1.48455|52.63355
1.48455|52.63367
1.48445|52.63451
1.48441|52.63534
1.48441|52.63554
1.48444|52.63574
1.48444|52.63577
1.48447|52.63589
1.48449|52.63606
1.48442|52.63656
1.48548|52.63655
1.48622|52.63652
1.4897|52.63623
1.49128|52.63641
1.49247|52.63645
1.49489|52.63642
1.49547|52.63636
1.49671|52.63613
1.49715|52.63607
1.49761|52.63607
1.49853|52.63614
1.49915|52.63614
1.49953|52.6361
1.5005|52.63592
1.5015|52.63577
1.50226|52.63568
1.50397|52.63553
1.50523|52.63536
1.50559|52.63526
1.50696|52.63523
1.51017|52.63503
1.5118|52.63488
1.512|52.63474
1.51207|52.63467
1.51202|52.63441
1.51196|52.63425
1.51191|52.63419
1.51185|52.63403
1.51175|52.63389
1.51036|52.63254
1.51007|52.63224
1.5106|52.63182
1.51083|52.63166
1.51189|52.63106
1.51308|52.63029
1.51311|52.63026
1.51332|52.63011
1.51374|52.62976
1.51415|52.62937
1.51455|52.62896
1.51497|52.62843
1.51596|52.62682
1.51601|52.62676
1.51607|52.62667
1.51613|52.62655
1.5165|52.6257
1.51668|52.6254
1.51722|52.62472
1.51753|52.62428
1.51771|52.62408
1.51788|52.62393
1.51824|52.62368
1.51887|52.62331
1.51925|52.62304
1.51927|52.62303
1.51943|52.6229
1.51955|52.62278
1.51961|52.62273
1.51982|52.62245
1.51989|52.62233
1.52|52.62206
1.52052|52.62211
1.5218|52.62214
1.52205|52.62217
1.52237|52.62223
1.52241|52.62218
1.52245|52.6221
1.5228|52.62127
1.52287|52.62116
1.52322|52.62076
1.52338|52.62061
1.52359|52.62048
1.52338|52.62061
1.52322|52.62076
1.52287|52.62116
1.5228|52.62127
1.52245|52.6221
1.52241|52.62218
1.52237|52.62223
1.52205|52.62217
1.5218|52.62214
1.52052|52.62211
1.52|52.62206
1.51989|52.62233
1.51982|52.62245
1.51961|52.62273
1.51955|52.62278
1.51943|52.6229
1.51927|52.62303
1.51925|52.62304
1.51887|52.62331
1.51824|52.62368
1.51814|52.62367
1.51807|52.62365
1.51763|52.62347
1.51598|52.623
1.51458|52.62252
1.5137|52.6223
1.51312|52.6222
1.51279|52.62216
1.51236|52.62214
1.51142|52.62214
1.51088|52.62218
1.5108|52.62218
1.50774|52.62244
1.50696|52.62248
1.50668|52.62247
1.50619|52.62243
1.5061|52.62241
1.50323|52.622
1.50305|52.62195
1.50296|52.62191
1.50303|52.62184
1.5031|52.62174
1.50315|52.62165
1.50329|52.62134
1.50344|52.62083
1.50353|52.62042
1.50358|52.61993
1.50358|52.6198
1.50355|52.61962
1.50352|52.61955
1.50348|52.61941
1.50328|52.61896
1.50325|52.61885
1.50324|52.61874
1.50312|52.61803
1.50301|52.61759
1.50275|52.61765
1.50244|52.61769
1.50188|52.61772
1.50012|52.61771
1.49914|52.61777
1.49778|52.61791
1.49399|52.61811
1.49269|52.61812
1.49157|52.61816
1.4867|52.61846
1.48489|52.61286
1.48484|52.61284
1.48481|52.61281
1.48474|52.61279
1.48318|52.61306
1.48317|52.61307
1.48145|52.61335
1.47729|52.61352
1.47682|52.61352
1.47666|52.61353
1.4764|52.61338
1.47623|52.61262
1.47617|52.61154
1.47617|52.61136
1.47614|52.61082
1.47613|52.61077
1.4761|52.6102
1.47606|52.61004
1.4757|52.60915
1.47544|52.6086
1.47497|52.60778
1.47485|52.60759
1.47476|52.60747
1.4744|52.60689
1.47439|52.60686
1.47413|52.60647
1.47394|52.60622
1.47358|52.6057
1.47343|52.60545
1.47329|52.60519
1.47302|52.60453
1.47284|52.60415
1.47279|52.60401
1.47256|52.6035
1.47248|52.60328
1.47247|52.60327
1.4724|52.60308
1.47235|52.60298
1.47233|52.60291
1.47229|52.60284
1.47226|52.60273
1.47209|52.60238
1.47207|52.60232
1.47206|52.60227
1.47207|52.60223
1.4721|52.60215
1.47224|52.60202
1.47232|52.60197
1.47237|52.60193
1.47297|52.60156
1.4734|52.60135
1.47364|52.60127
1.47409|52.60116
1.47434|52.60106
1.47492|52.60103
1.47812|52.60108
1.47845|52.60107
1.47846|52.60095
1.4785|52.60078
1.4786|52.60047
1.47871|52.60018
1.4786|52.60047
1.4785|52.60078
1.47846|52.60095
1.47845|52.60107
1.48221|52.60112
1.48282|52.60111
1.48447|52.60116
1.4847|52.60118
1.48487|52.60092
1.48535|52.60003
1.4854|52.59997
1.48548|52.59991
1.48557|52.59986
1.48571|52.5998
1.48598|52.59973
1.48658|52.59961
1.4866|52.59961
1.48676|52.59958
1.48709|52.59949
1.48826|52.59906
1.4884|52.59898
1.48869|52.59887
1.48882|52.59883
1.48896|52.5988
1.48955|52.59871
1.49001|52.5986
1.49086|52.59828
1.49167|52.59792
1.49189|52.59785
1.49233|52.59774
1.49254|52.59767
1.49266|52.59764
1.49306|52.5975
1.49325|52.59742
1.49371|52.59717
1.49373|52.59715
1.49404|52.59698
1.49419|52.59692
1.49559|52.59664
1.49704|52.59649
1.49851|52.5964
1.4986|52.59639
1.49891|52.59639
1.49902|52.5964
1.49969|52.59638
1.50234|52.59621
1.50506|52.59608
1.50515|52.59605
1.50517|52.59604
1.50519|52.59602
1.50521|52.59598
1.50521|52.59595
1.5052|52.5959
1.50517|52.59581
1.50507|52.59538
1.50504|52.59518
1.50494|52.59473
1.50494|52.59469
1.50492|52.59454
1.50489|52.59442
1.50487|52.59429
1.50482|52.59409
1.50481|52.59402
1.50481|52.59399
1.50477|52.59372
1.50475|52.59351
1.50474|52.59348
1.50474|52.59343
1.50473|52.59337
1.50473|52.59329
1.50475|52.59324
1.50479|52.59318
1.50487|52.59315
1.50489|52.59315
1.50502|52.59313
1.50516|52.59314
1.50548|52.59314
1.50594|52.59316
1.50628|52.59316
1.50634|52.59315
1.50723|52.59315
1.50736|52.59316
1.50921|52.59314
1.5098|52.59305
1.51077|52.59282
1.51227|52.59239
1.51227|52.59217
1.51217|52.59081
1.51211|52.59042
1.512|52.58996
1.51143|52.58698
1.51136|52.58637
1.51137|52.58632
1.51137|52.58628
1.5114|52.58621
1.51144|52.58615
1.51146|52.58613
1.51158|52.58605
1.51165|52.58602
1.51392|52.58554
1.51602|52.58524
1.51694|52.58513
1.5171|52.58509
1.51716|52.58505
1.51722|52.58502
1.51725|52.58495
1.51727|52.58485
1.51727|52.58481
1.51709|52.58418
1.51704|52.58406
1.51687|52.58357
1.51678|52.58336
1.51664|52.58309
1.51596|52.58199
1.51536|52.58062
1.51596|52.58199
1.51664|52.58309
1.51678|52.58336
1.51687|52.58357
1.51704|52.58406
1.51709|52.58418
1.51727|52.58481
1.51727|52.58485
1.51725|52.58495
1.51722|52.58502
1.51726|52.58511
1.51764|52.58684
1.51768|52.58717
1.5177|52.58748
1.51778|52.58819
1.5178|52.5885
1.51778|52.58862
1.51755|52.5894
1.51749|52.58971
1.51744|52.59009
1.51738|52.5904
1.51734|52.59075
1.5173|52.59096
1.51718|52.59141
1.517|52.592
1.51699|52.59207
1.517|52.5921
1.51703|52.59214
1.51705|52.59216
1.51715|52.5922
1.51744|52.59225
1.52027|52.59252
1.52143|52.59266
1.52278|52.59289
1.52308|52.59292
1.52318|52.59294
1.52327|52.59295
1.52343|52.59299
1.52358|52.59305
1.52366|52.5931
1.52371|52.59314
1.52376|52.59319
1.52386|52.59332
1.52392|52.59342
1.52398|52.59358
1.52398|52.59359
1.52408|52.59387
1.52411|52.59393
1.52423|52.59406
1.52437|52.59418
1.52445|52.59422
1.52448|52.59425
1.52562|52.59474
1.52575|52.59478
1.52592|52.59482
1.52597|52.59484
1.52613|52.59487
1.52688|52.59495
1.52734|52.59506
1.52757|52.59515
1.52805|52.59527
1.52916|52.59547
1.52995|52.59564
1.53019|52.59571
1.53161|52.59631
1.53264|52.59671
1.53325|52.5969
1.53321|52.59698
1.5332|52.59702
1.53356|52.59789
1.53391|52.59866
1.53404|52.59898
1.53408|52.59913
1.53409|52.59927
1.53407|52.59939
1.53403|52.59952
1.53385|52.59976
1.53375|52.59986
1.53331|52.60014
1.53309|52.60026
1.53296|52.60035
1.53202|52.60088
1.5294|52.60244
1.52906|52.60262
1.52898|52.60267
1.52891|52.60273
1.53128|52.60449
1.53147|52.60467
1.53168|52.6049
1.5318|52.605
1.53208|52.60518
1.53245|52.60538
1.53264|52.6055
1.53516|52.60727
1.53648|52.60824
1.53671|52.60817
1.53678|52.60814
1.5369|52.6081
1.53702|52.60805
1.53708|52.60801
1.53717|52.60797
1.53729|52.6079
1.53779|52.60753
1.53821|52.60728
1.53912|52.60685
1.54074|52.60618
1.54131|52.6059
1.54147|52.60581
1.54182|52.60565
1.54228|52.60548
1.54304|52.60524
1.54309|52.60519
1.54312|52.60517
1.54637|52.60375
1.54848|52.60287
1.54861|52.6028
1.54869|52.60277
1.54877|52.60271
1.54887|52.60265
1.54896|52.60257
1.54905|52.60247
1.54925|52.60222
1.54959|52.60189
1.5497|52.60177
1.5498|52.60164
1.54986|52.60151
1.54991|52.60136
1.54997|52.60109
1.55005|52.60086
1.55011|52.60076
1.55019|52.60066
1.55044|52.60044
1.5513|52.59987
1.55145|52.59975
1.55158|52.59962
1.55167|52.5995
1.55183|52.59925
1.55193|52.59906
1.55218|52.59867
1.55231|52.59852
1.55281|52.59811
1.55287|52.59804
1.55293|52.59792
1.55305|52.5976
1.55315|52.59747
1.55322|52.5974
1.55337|52.59732
1.55355|52.59726
1.55384|52.59721
1.55445|52.59714
1.55451|52.59714
1.55476|52.59711
1.55503|52.59706
1.55515|52.59703
1.55531|52.59694
1.55534|52.59691
1.55546|52.59672
1.55549|52.59664
1.55555|52.59653
1.55561|52.59644
1.55568|52.59629
1.55584|52.59636
1.55604|52.59642
1.55632|52.59653
1.55644|52.5966
1.55661|52.59678
1.55665|52.59681
1.55669|52.59683
1.55675|52.59687
1.55706|52.59697
1.55719|52.59699
1.55745|52.59705
1.55781|52.59716
1.55802|52.59721
1.5581|52.59724
1.55812|52.59724
1.55827|52.5973
1.55848|52.59741
1.55857|52.59747
1.55863|52.5975
1.55894|52.5977
1.55909|52.59777
1.56189|52.59889
1.56223|52.59904
1.56238|52.59909
1.5629|52.59931
1.56536|52.60027
1.56604|52.6005
1.56611|52.60053
1.56613|52.60053
1.56616|52.60056
1.56617|52.60059
1.56617|52.60077
1.56619|52.60092
1.56627|52.60128
1.5666|52.60211
1.5666|52.60212
1.56667|52.60227
1.56677|52.60245
1.56686|52.60257
1.56706|52.60278
1.56731|52.60292
1.5687|52.60361
1.56927|52.60386
1.56991|52.60407
1.57042|52.60426
1.57078|52.60431
1.5717|52.60451
1.57417|52.60495
1.57421|52.60497
1.57427|52.60499
1.57446|52.60431
1.57448|52.60419
1.57448|52.60403
1.5745|52.60389
1.57452|52.60356
1.57456|52.60328
1.57476|52.60244
1.57476|52.60227
1.57494|52.60116
1.57496|52.60095
1.57507|52.60061
1.57511|52.60051
1.57522|52.60008
1.57522|52.60006
1.57534|52.59973
1.57541|52.5995
1.57544|52.59932
1.57542|52.59899
1.57548|52.59861
1.57557|52.59823
1.57569|52.59787
1.5758|52.59765
1.57581|52.5976
1.57594|52.59726
1.57595|52.59725
1.57625|52.59613
1.57646|52.59546
1.5766|52.59494
1.57683|52.59423
1.57724|52.59276
1.57728|52.59268
1.57749|52.59263
1.57769|52.5926
1.57958|52.59252
1.57981|52.59252
1.57983|52.59242
1.57983|52.5924
1.57982|52.59237
1.57979|52.59232
1.57976|52.59225
1.5797|52.59218
1.57918|52.59169
1.57911|52.59161
1.57899|52.59152
1.57864|52.59131
1.5786|52.59128
1.57811|52.59105
1.5778|52.59092
1.57617|52.59042
1.57436|52.59013
1.57407|52.59006
1.57388|52.58998
1.57374|52.58991
1.57348|52.58975
1.57322|52.58953
1.57315|52.58949
1.57302|52.58943
1.57268|52.58941
1.57252|52.58942
1.57171|52.58941
1.57026|52.58934
1.56976|52.58928
1.56966|52.58926
1.56862|52.58918
1.56729|52.58913
1.56659|52.58913
1.56652|52.58912
1.5664|52.58912
1.56593|52.58909
1.56595|52.5888
1.56418|52.58868
1.56393|52.58864
1.56389|52.58864
1.56358|52.58855
1.56337|52.58847
1.56334|52.58847
1.56311|52.58838
1.56264|52.58823
1.56213|52.588
1.56212|52.58799
1.56187|52.5879
1.56173|52.58786
1.56102|52.58774
1.56022|52.58769
1.56004|52.58769
1.5597|52.58767
1.5595|52.58767
1.55907|52.58764
1.55868|52.58757
1.55852|52.58778
1.55843|52.58775
1.55782|52.5877
1.55718|52.58767
1.55584|52.58767
1.55401|52.5876
1.55354|52.58762
1.55273|52.5877
1.55138|52.58798
1.55106|52.58749
1.55095|52.58735
1.5509|52.5873
1.55084|52.58726
1.55074|52.58723
1.55002|52.58712
1.54955|52.58703
1.54883|52.58681
1.54849|52.58673
1.5479|52.58662
1.54772|52.58657
1.54763|52.58653
1.5476|52.5865
1.54757|52.58645
1.54739|52.58585
1.54734|52.5856
1.5473|52.58506
1.54729|52.58463
1.54723|52.58429
1.54719|52.5839
1.54718|52.58292
1.54717|52.58279
1.54717|52.58261
1.54712|52.58224
1.54702|52.58196
1.5462|52.58047
1.54572|52.57955
1.54561|52.57936
1.5455|52.57938
1.54545|52.57938
1.54361|52.57921
1.54309|52.5792
1.54227|52.57922
1.54036|52.57913
1.53955|52.57922
1.53899|52.57932
1.53864|52.5794
1.53779|52.57955
1.53772|52.57957
1.53733|52.57964
1.53724|52.57967
1.53715|52.57971
1.53709|52.57975
1.53707|52.5798
1.53707|52.57983
1.53716|52.58015
1.53716|52.58024
1.53714|52.58026
1.53747|52.581
1.53714|52.58026
1.53716|52.58024
1.53716|52.58015
1.53707|52.57983
1.53707|52.5798
1.53709|52.57975
1.53715|52.57971
1.53724|52.57967
1.53733|52.57964
1.53772|52.57957
1.53779|52.57955
1.53864|52.5794
1.53899|52.57932
1.53955|52.57922
1.54036|52.57913
1.53955|52.57922
1.53899|52.57932
1.53864|52.5794
1.53779|52.57955
1.53772|52.57957
1.53733|52.57964
1.53724|52.57967
1.53715|52.57971
1.53709|52.57975
1.53707|52.5798
1.53707|52.57983
1.53716|52.58015
1.53716|52.58024
1.53714|52.58026
1.53714|52.58027
1.53711|52.5803
1.53702|52.58035
1.53681|52.5804
1.53476|52.58105
1.53427|52.58118
1.53423|52.5812
1.53395|52.58127
1.53336|52.58139
1.53319|52.58144
1.53315|52.58147
1.53319|52.58144
1.53336|52.58139
1.53395|52.58127
1.53423|52.5812
1.53427|52.58118
1.53476|52.58105
1.53681|52.5804
1.53702|52.58035
1.53711|52.5803
1.53714|52.58027
1.53714|52.58026
1.53716|52.58024
1.53716|52.58015
1.53707|52.57983
1.53707|52.5798
1.53709|52.57975
1.53715|52.57971
1.53724|52.57967
1.53733|52.57964
1.53772|52.57957
1.53779|52.57955
1.53864|52.5794
1.53899|52.57932
1.53955|52.57922
1.54036|52.57913
1.54022|52.57894
1.54009|52.57879
1.54003|52.57871
1.53996|52.57865
1.53989|52.5786
1.53988|52.57859
1.53958|52.57844
1.53944|52.57836
1.5393|52.5783
1.53918|52.57821
1.5391|52.57814
1.53903|52.57804
1.53898|52.57792
1.53908|52.57772
1.53914|52.57762
1.53934|52.57754
1.53954|52.5775
1.53979|52.5775
1.53995|52.57752
1.54001|52.57752
1.54008|52.57751
1.54021|52.57747
1.54029|52.57741
1.5406|52.57712
1.54074|52.57701
1.54075|52.57701
1.54114|52.5767
1.54162|52.57628
1.54186|52.57609
1.54239|52.57574
1.54291|52.57536
1.54303|52.57524
1.54331|52.57501
1.5435|52.57487
1.54387|52.57463
1.54444|52.57431
1.54481|52.57408
1.54528|52.57372
1.54537|52.57359
1.54513|52.57316
1.54514|52.57309
1.54516|52.57305
1.54522|52.57297
1.54528|52.57292
1.54544|52.57284
1.54565|52.57276
1.54607|52.57267
1.5465|52.5726
1.54654|52.5726
1.54671|52.57257
1.54679|52.57257
1.54754|52.57247
1.54888|52.57235
1.54908|52.57232
1.54987|52.57225
1.54997|52.57223
1.55035|52.57219
1.55051|52.57216
1.551|52.5721
1.55312|52.57173
1.55393|52.57161
1.55628|52.57111
1.55674|52.57098
1.55676|52.57098
1.55695|52.57092
1.55759|52.57077
1.55805|52.57068
1.55837|52.57057
1.55878|52.57041
1.55891|52.57035
1.55915|52.57028
1.55942|52.57022
1.56003|52.57016
1.56118|52.5701
1.56134|52.56965
1.56145|52.56922
1.56149|52.56886
1.56151|52.56876
1.56166|52.56732
1.56202|52.56721
1.56567|52.56622
1.566|52.56618
1.57228|52.56662
1.57256|52.56665
1.57457|52.56677
1.5751|52.56682
1.57549|52.56688
1.57552|52.56688
1.57584|52.56695
1.57815|52.56766
1.57907|52.56678
1.57913|52.56673
1.57925|52.56661
1.57956|52.56653
1.58045|52.5664