0.68471|52.9656
0.68474|52.96567
0.68569|52.96552
0.68669|52.9654
0.68741|52.96522
0.68749|52.96522
0.68754|52.96521
0.68758|52.96521
0.68778|52.96519
0.68857|52.96517
0.68939|52.96509
0.68984|52.96503
0.69046|52.96499
0.69242|52.9648
0.6967|52.96429
0.69749|52.96418
0.69752|52.96418
0.69922|52.9639
0.69932|52.96389
0.70501|52.96288
0.70587|52.9627
0.70638|52.96262
0.70644|52.9626
0.70734|52.96241
0.70799|52.96233
0.70837|52.9623
0.70997|52.96223
0.71077|52.96216
0.71098|52.96213
0.71118|52.96208
0.71136|52.96201
0.71147|52.96195
0.71161|52.96184
0.71188|52.96172
0.71215|52.96163
0.71251|52.96156
0.71292|52.96151
0.71369|52.96144
0.71517|52.96124
0.71601|52.9611
0.71618|52.96108
0.71672|52.96097
0.71707|52.96087
0.71745|52.96073
0.71817|52.9604
0.71836|52.96027
0.71844|52.9602
0.71879|52.95982
0.71894|52.9597
0.71908|52.9596
0.71938|52.95947
0.71939|52.95947
0.72067|52.95904
0.72104|52.95886
0.72165|52.95847
0.72204|52.95819
0.72223|52.95804
0.72286|52.95771
0.723|52.95766
0.72308|52.95762
0.72316|52.95757
0.72353|52.95728
0.7237|52.95716
0.72467|52.9566
0.72493|52.95643
0.72529|52.95614
0.72546|52.95599
0.72554|52.9559
0.72609|52.95539
0.72633|52.95521
0.72668|52.95499
0.7268|52.95493
0.7269|52.9549
0.72696|52.9549
0.72699|52.95491
0.72704|52.95492
0.72708|52.95494
0.72816|52.95562
0.72967|52.95652
0.73034|52.95694
0.73099|52.9574
0.73128|52.95759
0.73192|52.95796
0.73198|52.95801
0.73202|52.95805
0.73202|52.95808
0.73201|52.95808
0.73199|52.95812
0.73166|52.95829
0.73161|52.95833
0.73157|52.95838
0.73157|52.95843
0.73162|52.95848
0.73279|52.95909
0.73492|52.9604
0.73506|52.96047
0.73507|52.96048
0.73681|52.96116
0.73707|52.96129
0.73744|52.96152
0.73818|52.96195
0.73853|52.96212
0.73936|52.96242
0.74019|52.96276
0.74052|52.96293
0.74064|52.963
0.74126|52.96341
0.7414|52.96348
0.74145|52.96352
0.74157|52.96358
0.74162|52.9636
0.74167|52.96361
0.74176|52.96364
0.74194|52.96366
0.74259|52.96368
0.74266|52.96369
0.7429|52.9637
0.74721|52.9637
0.74751|52.96368
0.74766|52.96366
0.74771|52.96364
0.74804|52.96358
0.74876|52.96339
0.74955|52.96327
0.74992|52.96319
0.75074|52.96296
0.75087|52.96293
0.75123|52.96277
0.75201|52.96236
0.75202|52.96236
0.75278|52.96199
0.75322|52.96182
0.75347|52.96174
0.75362|52.96167
0.7538|52.96155
0.75407|52.96134
0.75411|52.96132
0.75414|52.9613
0.75428|52.96126
0.75433|52.96126
0.75477|52.96118
0.75672|52.96092
0.75709|52.96086
0.75722|52.96085
0.75727|52.96084
0.75734|52.96084
0.75747|52.96085
0.75777|52.96085
0.7588|52.96068
0.75975|52.96059
0.76234|52.96029
0.7628|52.96019
0.76313|52.96014
0.76637|52.96013
0.76658|52.96012
0.76775|52.96012
0.76849|52.96014
0.76969|52.96013
0.77188|52.96001
0.77253|52.95995
0.77315|52.95985
0.77352|52.95984
0.77368|52.95985
0.77483|52.95998
0.77509|52.96
0.77548|52.96001
0.77551|52.96002
0.7776|52.96007
0.77956|52.96008
0.78029|52.96004
0.7807|52.95999
0.78103|52.95991
0.78114|52.95989
0.78132|52.95984
0.78172|52.95979
0.78201|52.95977
0.78213|52.95977
0.78226|52.95979
0.78231|52.95979
0.78267|52.95987
0.78282|52.95994
0.7831|52.9601
0.78323|52.96014
0.78329|52.96015
0.78341|52.96015
0.78345|52.96014
0.78383|52.96
0.78384|52.95999
0.7842|52.95985
0.7844|52.95981
0.78465|52.95978
0.78515|52.95975
0.78731|52.95978
0.78744|52.95979
0.78974|52.95985
0.78983|52.95986
0.79112|52.95991
0.79247|52.95992
0.79281|52.9599
0.79282|52.95989
0.7934|52.95985
0.79387|52.9598
0.7943|52.95978
0.79488|52.95978
0.79516|52.95931
0.79523|52.95915
0.79516|52.95931
0.79488|52.95978
0.7943|52.95978
0.79387|52.9598
0.7934|52.95985
0.79282|52.95989
0.79281|52.9599
0.79247|52.95992
0.79112|52.95991
0.78983|52.95986
0.78974|52.95985
0.78744|52.95979
0.78731|52.95978
0.78515|52.95975
0.78495|52.95976
0.78484|52.95964
0.78447|52.95938
0.78379|52.9588
0.78299|52.95806
0.78179|52.95673
0.78083|52.95561
0.78077|52.95553
0.78009|52.95474
0.77991|52.95455
0.77968|52.95435
0.77907|52.95393
0.77816|52.95337
0.77731|52.95293
0.77641|52.95256
0.77617|52.95248
0.77564|52.95234
0.77488|52.9522
0.77486|52.9522
0.77428|52.95211
0.77044|52.95169
0.76957|52.95165
0.76898|52.95164
0.76708|52.95166
0.76689|52.95167
0.76518|52.95166
0.7642|52.95163
0.76103|52.95142
0.76036|52.95135
0.76035|52.95134
0.75902|52.9512
0.75607|52.95083
0.75557|52.95075
0.75483|52.95068
0.75456|52.95067
0.75405|52.95067
0.75211|52.95079
0.75001|52.95099
0.74927|52.95104
0.74728|52.95104
0.747|52.95105
0.74606|52.95115
0.74456|52.95124
0.74358|52.95137
0.74225|52.95163
0.7422|52.95163
0.74206|52.95165
0.74139|52.95168
0.74124|52.95168
0.74094|52.95165
0.74092|52.95164
0.74087|52.95163
0.74082|52.95161
0.74077|52.95157
0.74074|52.95154
0.74073|52.95151
0.74072|52.95143
0.74076|52.95133
0.74087|52.95115
0.74102|52.95082
0.74103|52.95072
0.74103|52.95063
0.74101|52.95056
0.741|52.95054
0.74097|52.95045
0.74091|52.95035
0.74085|52.95027
0.74074|52.95017
0.74056|52.95007
0.73939|52.94957
0.73815|52.94909
0.73726|52.94869
0.73678|52.94851
0.73644|52.94842
0.73586|52.94824
0.7352|52.94794
0.73497|52.94781
0.7349|52.94776
0.73446|52.94738
0.73429|52.94726
0.7342|52.94722
0.73409|52.94718
0.73401|52.94714
0.73229|52.94664
0.73167|52.94648
0.73146|52.94646
0.73132|52.94646
0.73084|52.9465
0.73069|52.9465
0.72955|52.9464
0.72846|52.94624
0.72773|52.9461
0.7262|52.94564
0.72555|52.94548
0.72506|52.94539
0.7245|52.94534
0.72418|52.9453
0.72379|52.94522
0.72364|52.94516
0.72355|52.94511
0.7237|52.94509
0.72379|52.94509
0.72408|52.94514
0.72463|52.9452
0.72476|52.9452
0.7255|52.94528
0.7257|52.94531
0.72599|52.94538
0.72609|52.94542
0.72618|52.94547
0.7262|52.94549
0.72615|52.9455
0.72611|52.94552
0.72607|52.94553
0.72601|52.94559
0.72674|52.9458
0.72717|52.94594
0.72773|52.9461
0.72846|52.94624
0.72955|52.9464
0.73069|52.9465
0.73084|52.9465
0.73077|52.947
0.73073|52.94745
0.73061|52.94802
0.73057|52.94838
0.73057|52.94846
0.73045|52.94899
0.73042|52.94909
0.7304|52.9492
0.73038|52.94958
0.73039|52.94987
0.73042|52.95026
0.73042|52.95079
0.7304|52.95098
0.73036|52.95115
0.73031|52.95131
0.73017|52.95165
0.72956|52.95263
0.72903|52.95332
0.72911|52.95332
0.72917|52.95333
0.72921|52.95333
0.7299|52.95317
0.73002|52.95315
0.73086|52.95296
0.73172|52.95272
0.73212|52.95259
0.73225|52.95254
0.73229|52.95253
0.73238|52.95249
0.73249|52.95243
0.73261|52.95238
0.73287|52.95223
0.73319|52.9521
0.7334|52.95203
0.734|52.95188
0.73401|52.95188
0.73423|52.95183
0.73435|52.95179
0.73442|52.95175
0.73449|52.9517
0.73453|52.95165
0.73458|52.95157
0.7346|52.95098
0.73459|52.95067
0.73449|52.95012
0.73438|52.94979
0.73427|52.94956
0.73422|52.94938
0.7342|52.94923
0.73422|52.94917
0.73425|52.94902
0.73433|52.94883
0.73433|52.94882
0.73443|52.94864
0.73444|52.94861
0.73452|52.94847
0.73497|52.94781
0.7349|52.94776
0.73446|52.94738
0.73429|52.94726
0.7342|52.94722
0.73409|52.94718
0.73401|52.94714
0.73405|52.94703
0.73411|52.94693
0.73418|52.94685
0.73425|52.94679
0.73438|52.9467
0.73508|52.94634
0.73522|52.94624
0.73528|52.94619
0.73532|52.94612
0.73533|52.94608
0.73533|52.94587
0.73537|52.94554
0.73541|52.94539
0.73557|52.94502
0.73558|52.94501
0.73585|52.94443
0.73612|52.94432
0.73658|52.9442
0.73744|52.94402
0.73806|52.94392
0.73841|52.94388
0.73856|52.94385
0.73872|52.9438
0.74035|52.94308
0.74129|52.94269
0.74254|52.94224
0.74558|52.94126
0.74693|52.9409
0.74754|52.94076
0.74806|52.94056
0.74842|52.94039
0.74868|52.94025
0.7494|52.94051
0.7495|52.94053
0.74961|52.94054
0.74973|52.94054
0.74982|52.94053
0.7507|52.94034
0.75207|52.94
0.75261|52.93982
0.7539|52.93924
0.75392|52.93922
0.75415|52.93908
0.75507|52.93865
0.75549|52.93841
0.75582|52.93825
0.75644|52.93806
0.75649|52.93807
0.7566|52.93807
0.75667|52.93806
0.7567|52.93805
0.75699|52.93828
0.75716|52.93843
0.75721|52.93849
0.75744|52.93882
0.75721|52.93849
0.75716|52.93843
0.75699|52.93828
0.7567|52.93805
0.75713|52.93791
0.75782|52.93766
0.75743|52.93728
0.75735|52.93717
0.7573|52.93709
0.75724|52.93692
0.75749|52.93677
0.75759|52.93669
0.75776|52.93657
0.75809|52.9363
0.75878|52.93563
0.75894|52.93543
0.75908|52.93515
0.75961|52.93389
0.75962|52.93388
0.76009|52.93273
0.76041|52.93182
0.76058|52.93149
0.76061|52.93132
0.76061|52.9313
0.7606|52.93126
0.76054|52.93109
0.76051|52.93103
0.76049|52.93093
0.76048|52.93082
0.76048|52.93043
0.76052|52.9301
0.76054|52.92982
0.76051|52.9296
0.76016|52.92942
0.75992|52.92931
0.75974|52.92921
0.75966|52.9291
0.75937|52.9286
0.75915|52.92819
0.75864|52.92747
0.75733|52.92602
0.75644|52.92488
0.75558|52.92367
0.75532|52.92333
0.75292|52.92002
0.75286|52.91991
0.75285|52.91991
0.75284|52.9199
0.75281|52.9199
0.75281|52.91985
0.75276|52.91917
0.75263|52.91822
0.75266|52.91791
0.75268|52.91782
0.75274|52.91768
0.75283|52.91752
0.75299|52.91727
0.753|52.91726
0.75325|52.91688
0.75366|52.91617
0.75379|52.9159
0.75386|52.91571
0.7539|52.91557
0.75393|52.91542
0.75396|52.91496
0.75405|52.91435
0.7542|52.91385
0.75427|52.91284
0.7544|52.91197
0.75444|52.91178
0.75464|52.91108
0.75488|52.91064
0.75495|52.91046
0.75499|52.91041
0.75521|52.90999
0.75528|52.90979
0.75531|52.90972
0.75534|52.9095
0.75548|52.90883
0.75549|52.9088
0.75556|52.90873
0.75557|52.90871
0.75559|52.90865
0.75562|52.90851
0.75562|52.90836
0.75557|52.90805
0.75546|52.90753
0.75529|52.90686
0.75525|52.90667
0.75508|52.90611
0.75502|52.90583
0.75501|52.90568
0.75501|52.90546
0.75504|52.90498
0.75518|52.90419
0.75527|52.90353
0.75548|52.90157
0.75556|52.90123
0.75577|52.90073
0.75596|52.90044
0.75611|52.90025
0.75697|52.89927
0.75715|52.89905
0.75726|52.8989
0.75756|52.89835
0.75771|52.89803
0.7578|52.89779
0.75789|52.8975
0.75799|52.89722
0.75801|52.89718
0.75809|52.89708
0.75831|52.89711
0.75986|52.89724
0.76059|52.89732
0.76161|52.89747
0.7622|52.89752
0.76302|52.89756
0.76428|52.89756
0.76517|52.89758
0.76547|52.8976
0.76566|52.8976
0.76601|52.89762
0.76694|52.89774
0.76807|52.89798
0.76813|52.898
0.76863|52.89809
0.76931|52.89815
0.77041|52.89821
0.7705|52.89821
0.771|52.89825
0.7713|52.89826
0.7762|52.89873
0.77623|52.89873
0.77883|52.89901
0.77996|52.8991
0.78002|52.89911
0.78949|52.89984
0.79008|52.89986
0.79018|52.89868
0.79023|52.89835
0.79026|52.89825
0.79033|52.89794
0.79213|52.89768
0.79216|52.89768
0.79825|52.89691
0.79864|52.89685
0.79913|52.89675
0.80058|52.89637
0.80273|52.89557
0.80341|52.89526
0.80547|52.8945
0.80573|52.89431
0.80564|52.894
0.80531|52.89244
0.80372|52.89122
0.80336|52.89091
0.80318|52.89063
0.80319|52.8904
0.8032|52.89038
0.80334|52.89022
0.80368|52.88997
0.80381|52.88992
0.8032|52.88938
0.80309|52.88923
0.80317|52.88918
0.80341|52.8891
0.80353|52.88904
0.80361|52.88901
0.80382|52.88895
0.80399|52.88897
0.80419|52.88908
0.80431|52.8892
0.80447|52.88933
0.80464|52.88941
0.80469|52.88931
0.80481|52.88879
0.80481|52.88875
0.80494|52.88786
0.80476|52.88781
0.80317|52.88726
0.80273|52.88708
0.80222|52.88683
0.80217|52.8868
0.80206|52.88675
0.80196|52.88668
0.80187|52.88663
0.80149|52.8863
0.80131|52.88613
0.80108|52.88595
0.80093|52.88587
0.80073|52.88579
0.80045|52.8857
0.80043|52.8857
0.80035|52.88569
0.80022|52.88566
0.79949|52.88568
0.79881|52.88575
0.79785|52.88582
0.79726|52.88582
0.79693|52.88584
0.79543|52.88602
0.7931|52.88607
0.79298|52.88608
0.79093|52.886
0.78997|52.886
0.78823|52.88591
0.78768|52.88585
0.78715|52.88574
0.78653|52.88559
0.78572|52.88535
0.78562|52.88533
0.78527|52.8852
0.78476|52.88499
0.78442|52.88483
0.78428|52.88475
0.78426|52.88473
0.78413|52.88464
0.78373|52.8843
0.78306|52.88394
0.78281|52.88383
0.78211|52.8836
0.78204|52.88357
0.78178|52.88349
0.78171|52.88346
0.78101|52.8833
0.78051|52.88324
0.77996|52.88324
0.77937|52.88321
0.77934|52.8832
0.77931|52.8832
0.77925|52.88317
0.77408|52.88385
0.77359|52.88395
0.77316|52.88406
0.77275|52.88415
0.77258|52.88417
0.77225|52.88423
0.77142|52.88433
0.77044|52.8844
0.76951|52.88449
0.7686|52.88463
0.7679|52.8848
0.76767|52.88487
0.76729|52.88502
0.76681|52.88524
0.7661|52.88552
0.76602|52.88549
0.76583|52.88545
0.76492|52.88533
0.76475|52.88521
0.76467|52.88513
0.76456|52.88504
0.76441|52.88494
0.76394|52.88472
0.76393|52.88472
0.76359|52.88455
0.76331|52.88434
0.76314|52.88418
0.763|52.88403
0.76266|52.88352
0.76254|52.88344
0.76248|52.88341
0.76235|52.88333
0.76219|52.88325
0.76151|52.883
0.76132|52.88294
0.76089|52.88284
0.76067|52.88282
0.76057|52.88282
0.76038|52.8828
0.75987|52.88278
0.75949|52.88275
0.75938|52.88273
0.7592|52.88271
0.75912|52.88269
0.75879|52.88263
0.7581|52.88244
0.75805|52.88242
0.75783|52.88236
0.75783|52.88235
0.75751|52.88225
0.75704|52.88208
0.75653|52.88192
0.75651|52.88191
0.75583|52.88169
0.75559|52.88163
0.7552|52.88156
0.75463|52.88151
0.75458|52.8815
0.74932|52.88135
0.7489|52.88135
0.74793|52.88143
0.74745|52.8815
0.74717|52.88156
0.74697|52.88159
0.74639|52.88171
0.74612|52.88172
0.74587|52.88155
0.74498|52.88079
0.74454|52.88039
0.74439|52.8803
0.74422|52.88018
0.74411|52.88012
0.74406|52.8801
0.74391|52.88002
0.74324|52.8797
0.74312|52.87965
0.74286|52.87951
0.74253|52.87931
0.74214|52.87904
0.74192|52.8789
0.74124|52.87839
0.74056|52.87794
0.73808|52.87637
0.73758|52.876
0.73652|52.87515
0.73551|52.87424
0.73487|52.87359
0.73448|52.87352
0.73329|52.87348
0.73303|52.87346
0.73263|52.87339
0.73249|52.87335
0.73184|52.873
0.73129|52.87268
0.73125|52.87265
0.7307|52.87232
0.73054|52.87225
0.73012|52.872
0.7294|52.8715
0.72365|52.86686
0.72165|52.8653
0.72124|52.86502
0.71921|52.86353
0.71902|52.86337
0.71896|52.86331
0.71892|52.86325
0.71888|52.86317
0.71886|52.86311
0.71886|52.86307
0.71872|52.86228
0.7186|52.86128
0.7186|52.86086
0.71865|52.86051
0.71867|52.86008
0.71866|52.85992
0.71865|52.85988
0.72029|52.86001
0.72048|52.86001
0.72067|52.85999
0.72131|52.85985
0.7216|52.85975
0.7216|52.85965
0.72165|52.8594
0.72166|52.85938
0.7218|52.85887
0.7219|52.85835
0.722|52.85799
0.72204|52.85777
0.72203|52.85607
0.72197|52.85547
0.72196|52.85523
0.72197|52.85508
0.72198|52.85427
0.722|52.85411
0.72206|52.8539
0.72231|52.85333
0.72258|52.85282
0.72283|52.85242
0.72349|52.85154
0.72349|52.85153
0.72355|52.85144
0.72364|52.85127
0.72371|52.85111
0.72406|52.85012
0.7241|52.85004
0.72415|52.84996
0.72418|52.84994
0.72425|52.84988
0.72437|52.84966
0.72461|52.84929
0.72485|52.84889
0.72502|52.84866
0.7252|52.84839
0.72537|52.84816
0.72556|52.84774
0.72559|52.84764
0.72569|52.84737
0.72584|52.84671
0.72585|52.84653
0.72583|52.84647
0.72578|52.84642
0.72571|52.84637
0.72531|52.84617
0.72707|52.84484
0.72673|52.84465
0.72665|52.84459
0.72665|52.84458
0.7266|52.84453
0.72658|52.8445
0.72657|52.84447
0.72656|52.84445
0.72655|52.84442
0.72655|52.84438
0.72657|52.84433
0.72659|52.84426
0.72664|52.84414
0.72668|52.84407
0.72676|52.84389
0.72685|52.84374
0.72685|52.84372
0.72691|52.84364
0.72708|52.84337
0.72723|52.84318
0.72741|52.84302
0.72751|52.84292
0.7276|52.84285
0.72785|52.84269
0.72791|52.84266
0.72803|52.84258
0.72812|52.84253
0.72823|52.84245
0.72841|52.8423
0.72845|52.84225
0.72848|52.8422
0.72855|52.84195
0.72857|52.8419
0.72862|52.84181
0.72865|52.84177
0.72925|52.84108
0.72925|52.84107
0.72941|52.84092
0.72954|52.84077
0.72955|52.84077
0.72967|52.84062
0.72979|52.84045
0.73001|52.8402
0.73018|52.84006
0.73028|52.83999
0.7303|52.83998
0.73036|52.83994
0.73049|52.83987
0.7305|52.83987
0.73071|52.83977
0.73098|52.83966
0.73102|52.83965
0.73162|52.83942
0.7318|52.83934
0.73198|52.83924
0.73217|52.83911
0.73251|52.83883
0.73299|52.83839
0.73327|52.83811
0.73344|52.83797
0.73391|52.83763
0.73432|52.83739
0.73452|52.83725
0.73466|52.83712
0.73467|52.83712
0.73489|52.83693
0.73527|52.83655
0.7355|52.83637
0.73585|52.83615
0.73614|52.83599
0.73642|52.83585
0.73665|52.8357
0.73676|52.83564
0.73738|52.83519
0.73751|52.83512
0.73769|52.83505
0.7379|52.83498
0.7382|52.8349
0.73842|52.83483
0.7387|52.83472
0.73882|52.83466
0.73887|52.83461
0.73892|52.83457
0.73895|52.83452
0.73897|52.8345
0.73907|52.83431
0.73917|52.83409
0.7392|52.834
0.73923|52.83393
0.7394|52.83364
0.73951|52.83342
0.73965|52.83317
0.73972|52.83306
0.73981|52.83294
0.73993|52.8328
0.73996|52.83278
0.74007|52.83265
0.74026|52.83246
0.74042|52.83234
0.74061|52.83222
0.74064|52.83221
0.74082|52.83209
0.73853|52.83078
0.73807|52.83055
0.73774|52.8304
0.73771|52.83039
0.73707|52.8301
0.73655|52.8299
0.73575|52.82963
0.73492|52.82939
0.73391|52.82914
0.73066|52.82851
0.72949|52.82826
0.72946|52.82826
0.72583|52.8275
0.72576|52.82749
0.72335|52.82699
0.72332|52.82698
0.72252|52.82682
0.72099|52.82645
0.71991|52.82609
0.71823|52.82539
0.7166|52.82467
0.71619|52.82444
0.71583|52.82422
0.715|52.82361
0.71257|52.82173
0.71115|52.82072
0.71129|52.82055
0.71204|52.81954
0.71217|52.81939
0.71219|52.81929
0.71222|52.8192
0.7123|52.81885
0.7123|52.81872
0.71229|52.81867
0.71229|52.81863
0.71225|52.81851
0.71222|52.81844
0.71215|52.81833
0.71209|52.81825
0.71196|52.81811
0.71185|52.81803
0.71185|52.81802
0.71143|52.81773
0.71112|52.8175
0.71092|52.81733
0.71076|52.81717
0.71071|52.81711
0.71068|52.81699
0.71069|52.81693
0.71073|52.81684
0.71152|52.81586
0.71153|52.81584
0.71193|52.8154
0.71205|52.81528
0.71209|52.81522
0.71219|52.8151
0.71231|52.81493
0.71242|52.81474
0.7126|52.81435
0.71268|52.81414
0.71276|52.81389
0.71284|52.81351
0.71299|52.81296
0.7131|52.81271
0.71318|52.81257
0.71344|52.81224
0.71359|52.81208
0.71378|52.8119
0.71405|52.81167
0.71463|52.81121
0.71717|52.80895
0.71743|52.80866
0.71745|52.80863
0.71781|52.80818
0.71808|52.80792
0.71916|52.80712
0.72052|52.80601
0.72163|52.80516
0.72179|52.80506
0.72215|52.80486
0.7239|52.80378
0.72405|52.8037
0.7244|52.80355
0.72465|52.80348
0.72496|52.80343
0.72528|52.80341
0.72609|52.80339
0.72668|52.80331
0.72689|52.80327
0.72776|52.80306
0.72789|52.80302
0.72802|52.80299
0.72828|52.8029
0.72883|52.80268
0.72919|52.80252
0.73056|52.80184
0.73106|52.80162
0.73109|52.8016
0.73111|52.80158
0.73113|52.80157
0.73115|52.80155
0.73117|52.80149
0.73122|52.80128
0.73177|52.79767
0.73178|52.79754
0.73164|52.79666
0.73149|52.79594
0.73132|52.79494
0.73128|52.79462
0.73128|52.79457
0.73151|52.79363
0.73159|52.79303
0.73157|52.79221
0.7316|52.79167
0.72377|52.79014
0.72374|52.79014
0.71741|52.78886
0.71686|52.7888
0.71669|52.78879
0.7168|52.78827
0.71681|52.78825
0.71692|52.7877
0.71753|52.78508
0.71771|52.78447
0.71832|52.78278
0.71825|52.78226
0.71796|52.78183
0.71742|52.78126
0.7228|52.77896
0.72367|52.77861
0.7238|52.77857
0.72399|52.7785
0.73107|52.77657
0.7311|52.77657
0.73146|52.77647
0.73185|52.77634
0.73227|52.77616
0.73266|52.77596
0.73351|52.77557
0.73371|52.77545
0.73384|52.77535
0.73447|52.77479
0.73459|52.7747
0.73472|52.77455
0.73479|52.77445
0.73495|52.77417
0.73496|52.77414
0.73511|52.77383
0.73551|52.77307
0.73562|52.77283
0.73572|52.77246
0.73572|52.77241
0.73574|52.77223
0.73575|52.7722
0.73574|52.77202
0.73575|52.77163
0.73579|52.77125
0.73583|52.77107
0.73603|52.76987
0.73614|52.76936
0.73617|52.76925
0.73637|52.76866
0.74062|52.76965
0.74089|52.7697
0.74106|52.76967
0.74126|52.76954
0.74305|52.76786
0.7433|52.76767
0.74343|52.76759
0.74368|52.76751
0.7439|52.76748
0.74452|52.76745
0.7448|52.76742
0.74508|52.76735
0.74552|52.76718
0.74594|52.767
0.7467|52.76662
0.74703|52.76641
0.74723|52.76631
0.74731|52.76628
0.7474|52.76623
0.74751|52.76615
0.7475|52.76615
0.74733|52.76612
0.747|52.76603
0.74666|52.76586
0.7464|52.76561
0.74607|52.76542
0.74573|52.76525
0.74492|52.76502
0.7431|52.76463
0.74198|52.76435
0.74132|52.76424
0.73924|52.76399
0.73871|52.7639
0.73867|52.7639
0.73857|52.76388
0.7389|52.76308
0.73901|52.76276
0.7391|52.76236
0.7391|52.76216
0.73909|52.76198
0.73908|52.76195
0.73902|52.76159
0.73898|52.76122
0.73892|52.76089
0.7388|52.76052
0.73878|52.76034
0.73879|52.76008
0.73886|52.75966
0.73887|52.75963
0.73893|52.75931
0.739|52.75914
0.73908|52.75903
0.73919|52.75896
0.73927|52.75893
0.7395|52.75888
0.73969|52.75881
0.73976|52.75879
0.7398|52.75876
0.73993|52.75869
0.74006|52.75859
0.74015|52.75847
0.74022|52.75836
0.74024|52.75832
0.7402|52.75819
0.73986|52.75807
0.73955|52.75799
0.73926|52.75794
0.73693|52.75769
0.73513|52.75743
0.73427|52.75728
0.73417|52.75727
0.7326|52.75694
0.73234|52.75686
0.73232|52.75686
0.73208|52.75675
0.73169|52.75653
0.73148|52.7564
0.73068|52.75599
0.73065|52.75597
0.72963|52.75549
0.72876|52.75522
0.72843|52.75513
0.72775|52.75487
0.72709|52.75454
0.72594|52.75383
0.72563|52.75368
0.72471|52.75318
0.72386|52.75265
0.72385|52.75265
0.72307|52.75216
0.72257|52.75191
0.72228|52.7518
0.722|52.75173
0.7216|52.75166
0.72103|52.75159
0.72065|52.75157
0.72032|52.75157
0.71971|52.7516
0.71962|52.75161
0.71744|52.75172
0.71655|52.75173
0.71569|52.75171
0.71556|52.7517
0.71407|52.75166
0.71289|52.75158
0.71276|52.75158
0.71218|52.75151
0.71191|52.75145
0.71171|52.75136
0.71165|52.75131
0.71152|52.75122
0.7114|52.75104
0.7114|52.75095
0.71152|52.7506
0.71216|52.74947
0.71238|52.74886
0.7124|52.74877
0.71248|52.74865
0.71283|52.74835
0.71329|52.7479
0.71363|52.74759
0.71397|52.74722
0.71423|52.74688
0.71431|52.74675
0.71437|52.74667
0.71452|52.74644
0.71458|52.74628
0.71461|52.74616
0.71462|52.74595
0.71466|52.74562
0.71472|52.74533
0.71475|52.74499
0.71473|52.74481
0.71468|52.74463
0.71436|52.74366
0.71286|52.74415
0.71228|52.74441
0.71093|52.74506
0.71067|52.7452
0.71019|52.74539
0.70999|52.74546
0.70975|52.74553
0.7096|52.74555
0.70956|52.74556
0.70916|52.74557
0.70894|52.74559
0.7089|52.7455
0.70885|52.74543
0.70833|52.74497
0.70643|52.74336
0.70625|52.74322
0.70346|52.74087
0.70329|52.74068
0.70321|52.74054
0.70129|52.7364
0.70125|52.73633
0.70117|52.73624
0.70105|52.73618
0.7009|52.73609
0.7002|52.7355
0.6999|52.73519
0.69956|52.73478
0.69943|52.73456
0.69933|52.73428
0.69922|52.73383
0.69916|52.73349
0.69909|52.73293
0.69908|52.73289
0.6989|52.7317
0.69883|52.73135
0.69883|52.73132
0.6988|52.73119
0.69878|52.73114
0.69862|52.73061
0.69856|52.73044
0.69837|52.72978
0.69836|52.72973
0.69793|52.7285
0.69749|52.72713
0.69741|52.72691
0.6971|52.72584
0.69696|52.72553
0.69682|52.72531
0.69637|52.72454
0.69624|52.72428
0.69619|52.72413
0.69616|52.72408
0.69594|52.72346
0.69576|52.723
0.69567|52.72274
0.69543|52.72224
0.69523|52.7219
0.695|52.72131
0.69474|52.72042
0.69473|52.72041
0.69469|52.72024
0.69458|52.71986
0.69452|52.7196
0.69449|52.71935
0.69445|52.71919
0.69443|52.7189
0.69445|52.71874
0.69447|52.71763
0.69444|52.71746
0.69436|52.71723
0.69414|52.71651
0.69413|52.7165
0.69407|52.71632
0.694|52.71615
0.69396|52.71607
0.69391|52.71595
0.6938|52.71581
0.69321|52.71498
0.69299|52.7147
0.69297|52.71465
0.69198|52.7126
0.69194|52.71244
0.69192|52.7124
0.69187|52.71221
0.6918|52.7118
0.6918|52.71151
0.69179|52.7113
0.6917|52.71075
0.69169|52.71045
0.6916|52.70963
0.69155|52.70929
0.69154|52.70916
0.69141|52.70905
0.69127|52.70895
0.6907|52.70868
0.6904|52.7085
0.69038|52.70848
0.69035|52.70846
0.68951|52.70777
0.68943|52.70772
0.6886|52.70728
0.68851|52.70722
0.68818|52.70706
0.68798|52.70699
0.68763|52.70682
0.68779|52.70644
0.68794|52.70614
0.68816|52.7058
0.68848|52.70542
0.68868|52.70514
0.68882|52.70492
0.68891|52.7048
0.68895|52.70473
0.68911|52.70449
0.68915|52.70445
0.68923|52.70429
0.68925|52.70426
0.68925|52.70424
0.68923|52.70415
0.68898|52.70406
0.68887|52.704
0.68807|52.70368
0.68732|52.70342
0.6867|52.70316
0.6857|52.70278
0.68535|52.70268
0.68521|52.70266
0.68583|52.70164
0.68601|52.70141
0.68613|52.70121
0.68632|52.70082
0.68641|52.70051
0.6865|52.70026
0.68652|52.70009
0.68652|52.69972
0.68649|52.69901
0.68649|52.69883
0.68648|52.69879
0.68648|52.69858
0.68642|52.69851
0.68631|52.69844
0.68619|52.69838
0.68616|52.69837
0.68602|52.69835
0.68589|52.69836
0.68587|52.69837
0.68573|52.69838
0.68559|52.69835
0.68541|52.69828
0.68533|52.69827
0.68503|52.69829
0.68462|52.69829
0.68432|52.69826
0.6836|52.6981
0.68359|52.6981
0.68205|52.69779
0.68169|52.69768
0.68165|52.69766
0.68123|52.69751
0.68077|52.69731
0.68067|52.69726
0.68052|52.6972
0.68044|52.69715
0.68037|52.69708
0.68031|52.69666
0.68018|52.69607
0.68013|52.69593
0.67994|52.69587
0.67987|52.69586
0.67981|52.69586
0.67936|52.69592
0.67907|52.69609
0.67885|52.69619
0.67866|52.69626
0.6784|52.69634
0.6757|52.69701
0.67541|52.69707
0.67458|52.69721
0.67371|52.69732
0.67279|52.69747
0.67243|52.69758
0.67145|52.69796
0.67111|52.69808
0.671|52.69813
0.67071|52.69822
0.66984|52.69843
0.66848|52.69872
0.66774|52.69884
0.66634|52.69903
0.66613|52.69905
0.66533|52.69916
0.66526|52.69916
0.6651|52.69919
0.66494|52.69923
0.6649|52.69923
0.66473|52.69926
0.66462|52.69929
0.66393|52.69942
0.66202|52.69991
0.66141|52.70004
0.66077|52.70013
0.66002|52.70018
0.65846|52.70019
0.65699|52.70025
0.65608|52.70033
0.65574|52.70038
0.6549|52.70043
0.65414|52.70041
0.65279|52.70042
0.65232|52.70045
0.65182|52.70051
0.6502|52.70078
0.64989|52.70085
0.64948|52.70098
0.64722|52.70188
0.64701|52.70199
0.64691|52.70206
0.6469|52.70206
0.64645|52.70239
0.64611|52.70259
0.6451|52.70314
0.64503|52.70317
0.64494|52.7032
0.64479|52.70323
0.64471|52.70323
0.64463|52.7032
0.64458|52.70317
0.64452|52.70312
0.64433|52.70299
0.64387|52.70263
0.64365|52.70249
0.6434|52.70236
0.64265|52.7021
0.64253|52.70205
0.64176|52.70179
0.64153|52.7017
0.64131|52.70159
0.64081|52.70128
0.64069|52.70122
0.64057|52.70118
0.64035|52.70112
0.63976|52.70102
0.63907|52.70093
0.63692|52.70052
0.63627|52.70035
0.63481|52.69993
0.63414|52.69971
0.63384|52.69959
0.63362|52.69949
0.6334|52.69941
0.63254|52.69891
0.63177|52.69851
0.63116|52.69816
0.63107|52.69812
0.62905|52.69701
0.62704|52.69595
0.62701|52.69594
0.62592|52.69536
0.62589|52.69535
0.62528|52.695
0.62456|52.69464
0.624|52.69443
0.62355|52.6943
0.62354|52.6943
0.623|52.69416
0.62294|52.69414
0.62124|52.69372
0.6207|52.69357
0.62069|52.69356
0.61965|52.69327
0.61963|52.69326
0.61939|52.69318
0.61937|52.69318
0.61868|52.69293
0.61833|52.69278
0.61799|52.69259
0.61784|52.69248
0.61745|52.69223
0.61708|52.69208
0.61286|52.69072
0.61278|52.6907
0.6106|52.69001
0.60866|52.6895
0.60863|52.6895
0.60671|52.68902
0.60643|52.68896
0.60642|52.68895
0.60588|52.68882
0.60489|52.68854
0.60442|52.68837
0.60425|52.68832
0.60275|52.68778
0.60094|52.68701
0.60093|52.68701
0.60066|52.6869
0.60012|52.68677
0.59995|52.68669
0.59982|52.68665
0.59959|52.68656
0.59949|52.68671
0.59937|52.68693
0.59899|52.68689
0.59871|52.68679
0.59851|52.68669
0.59838|52.68661
0.59818|52.68644
0.59799|52.68632
0.59785|52.68625
0.5976|52.68615
0.59743|52.68611
0.59742|52.68611
0.59712|52.68604
0.58958|52.68452
0.58885|52.68439
0.58864|52.68434
0.58844|52.68427
0.58831|52.6842
0.5882|52.68412
0.58779|52.68378
0.58747|52.68392
0.58707|52.68371
0.58707|52.68365
0.58713|52.68323
0.58726|52.68197
0.58732|52.68083
0.58729|52.67894
0.58729|52.67675
0.58726|52.6766
0.58714|52.67632
0.58703|52.67618
0.58646|52.67554
0.58631|52.67539
0.58589|52.67491
0.58574|52.67476
0.58455|52.67343
0.58447|52.67333
0.58432|52.67306
0.583|52.67038
0.58276|52.66986
0.58262|52.6695
0.5821|52.66725
0.58129|52.66417
0.56577|52.66524
0.56446|52.66525
0.56401|52.66524
0.56312|52.66516
0.56283|52.66515
0.56244|52.66516
0.56216|52.66518
0.56198|52.66521
0.56158|52.66531
0.56156|52.66532
0.56082|52.66559
0.56077|52.6656
0.56058|52.66566
0.56016|52.66577
0.55794|52.66622
0.55752|52.66628
0.55703|52.66633
0.55677|52.66634
0.55629|52.66634
0.55523|52.66627
0.55506|52.66627
0.55469|52.66629
0.55353|52.66645
0.55337|52.66646
0.5533|52.66647
0.55281|52.6665
0.54982|52.66646
0.54908|52.66648
0.54814|52.66655
0.54805|52.66655
0.54775|52.66658
0.54537|52.66674
0.54432|52.66677
0.54303|52.66674
0.54212|52.66668
0.54126|52.66667
0.54086|52.66662
0.54032|52.66653
0.54001|52.66645
0.53988|52.6664
0.53965|52.66629
0.53918|52.66599
0.5388|52.66573
0.53802|52.66514
0.53801|52.66513
0.53668|52.66442
0.53659|52.66439
0.5365|52.66437
0.53642|52.66437
0.53637|52.66438
0.53632|52.6644
0.53628|52.66441
0.53611|52.6645
0.53523|52.66505
0.53512|52.66509
0.53507|52.6651
0.53496|52.6651
0.53483|52.66506
0.53408|52.66469
0.53326|52.66433
0.5317|52.6637
0.53088|52.6633
0.52993|52.663
0.52961|52.66287
0.52892|52.66251
0.52843|52.66229
0.52769|52.66199
0.5273|52.6618
0.52685|52.66154
0.52589|52.66103
0.52563|52.66086
0.52534|52.66062
0.52512|52.66042
0.525|52.66026
0.52488|52.66013
0.52465|52.65979
0.52438|52.65934
0.52414|52.65902
0.5238|52.65866
0.5235|52.65838
0.52295|52.65792
0.52228|52.65743
0.52197|52.65715
0.52181|52.65696
0.52164|52.65673
0.52163|52.65672
0.52154|52.65656
0.52153|52.65655
0.52139|52.65635
0.52124|52.65617
0.52106|52.65601
0.5209|52.6559
0.52066|52.65576
0.52029|52.65558
0.52013|52.65549
0.51974|52.6552
0.5197|52.65518
0.51914|52.65477
0.51911|52.65474
0.51895|52.65464
0.51835|52.65423
0.51825|52.65417
0.51816|52.6541
0.51786|52.65383
0.51774|52.65371
0.51755|52.65348
0.51738|52.65314
0.51732|52.65299
0.51715|52.6525
0.51711|52.65234
0.51709|52.65215
0.51709|52.65188
0.51706|52.65172
0.51706|52.65168
0.51701|52.65154
0.517|52.6515
0.5169|52.6513
0.51617|52.65013
0.51591|52.64975
0.51587|52.64968
0.51582|52.64954
0.5158|52.64945
0.51579|52.64937
0.51578|52.64899
0.51577|52.64886
0.51575|52.64878
0.51567|52.64861
0.51548|52.6483
0.51536|52.64813
0.51504|52.64773
0.51491|52.6476
0.51473|52.6474
0.51446|52.64716
0.51415|52.64694
0.51379|52.64671
0.51354|52.64658
0.51336|52.6465
0.51333|52.64648
0.51323|52.64644
0.51303|52.6463
0.51293|52.64619
0.51285|52.64607
0.51283|52.64605
0.51219|52.64504
0.51173|52.64438
0.51172|52.64438
0.51145|52.64406
0.51115|52.64375
0.51092|52.64355
0.51078|52.64344
0.51062|52.64334
0.51039|52.64322
0.5102|52.64315
0.51009|52.64312
0.50998|52.6431
0.50984|52.64309
0.50965|52.6431
0.50896|52.6432
0.50891|52.6432
0.50844|52.64326
0.50602|52.64347
0.50595|52.64347
0.50522|52.64358
0.50274|52.64402
0.50165|52.64426
0.49955|52.64478
0.49901|52.6449
0.49888|52.64494
0.49763|52.64521
0.49654|52.64534
0.49587|52.64539
0.49334|52.64546
0.49315|52.64548
0.49291|52.64552
0.49271|52.64557
0.49234|52.64569
0.49182|52.64592
0.49101|52.64632
0.49042|52.64651
0.48953|52.64668
0.4894|52.64669
0.48893|52.64675
0.48882|52.64677
0.48766|52.64691
0.48765|52.64692
0.4871|52.64699
0.48688|52.64704
0.48669|52.64711
0.48654|52.64719
0.48627|52.64741
0.48619|52.64746
0.48614|52.6475
0.48611|52.64755
0.48607|52.64769
0.48599|52.64791
0.48594|52.64811
0.4858|52.6491
0.48575|52.64934
0.48564|52.64957
0.4855|52.64969
0.48544|52.64972
0.48531|52.64976
0.48413|52.64988
0.484|52.6499
0.48413|52.64988
0.48531|52.64976
0.48544|52.64972
0.4855|52.64969
0.48564|52.64957
0.48575|52.64934
0.4858|52.6491
0.48594|52.64811
0.48599|52.64791
0.48607|52.64769
0.48611|52.64755
0.48614|52.6475
0.48619|52.64746
0.48627|52.64741
0.48654|52.64719
0.48669|52.64711
0.48688|52.64704
0.4871|52.64699
0.48765|52.64692
0.48766|52.64691
0.48882|52.64677
0.48893|52.64675
0.4894|52.64669
0.48953|52.64668
0.49042|52.64651
0.49101|52.64632
0.49182|52.64592
0.49234|52.64569
0.49271|52.64557
0.49291|52.64552
0.49315|52.64548
0.49334|52.64546
0.49587|52.64539
0.49654|52.64534
0.49763|52.64521
0.49888|52.64494
0.49901|52.6449
0.49654|52.63972
0.49645|52.63955
0.49601|52.63857
0.49593|52.63836
0.49587|52.63808
0.49521|52.63421
0.49496|52.633
0.49471|52.63211
0.49469|52.63201
0.49465|52.63186
0.49465|52.63157
0.49469|52.63103
0.49469|52.63092
0.49473|52.63041
0.49476|52.6302
0.49478|52.63014
0.4948|52.63002
0.49488|52.62973
0.4949|52.6297
0.49523|52.62979
0.4955|52.62984
0.49589|52.62988
0.49684|52.6299
0.49853|52.62989
0.49942|52.62994
0.49985|52.62999
0.50008|52.63004
0.50009|52.63005
0.50023|52.63009
0.50072|52.63031
0.50095|52.63039
0.50119|52.63046
0.50186|52.63062
0.50243|52.63072
0.50305|52.6308
0.50341|52.63083
0.50384|52.63085
0.50458|52.63081
0.50499|52.63081
0.51182|52.63158
0.51208|52.6316
0.51412|52.63183
0.51415|52.63184
0.52384|52.63291
0.52389|52.63245
0.52411|52.6292
0.52413|52.62902
0.52459|52.62259
0.52461|52.62246
0.52468|52.62228
0.52474|52.62221
0.52483|52.62212
0.52624|52.62114
0.52627|52.62111
0.52844|52.6196
0.52935|52.61984
0.53644|52.62116
0.53645|52.62116
0.54651|52.62312
0.54658|52.62314
0.56343|52.62637
0.56345|52.62638
0.56726|52.6271
0.56738|52.62713
0.56738|52.62714
0.56747|52.62717
0.5676|52.62725
0.56765|52.62729
0.56773|52.6274
0.56774|52.62741
0.56779|52.62751
0.56814|52.62835
0.56822|52.62845
0.5695|52.62789
0.57016|52.62763
0.5704|52.62755
0.57058|52.6275
0.57072|52.62748
0.57097|52.62743
0.57212|52.6273
0.57467|52.62709
0.57531|52.62706
0.57562|52.62703
0.57581|52.627
0.57638|52.62684
0.57664|52.62675
0.57724|52.62657
0.57787|52.62636
0.57854|52.62609
0.57914|52.62577
0.57963|52.62558
0.58065|52.62526
0.58105|52.62512
0.5835|52.62415
0.58387|52.62404
0.58509|52.62372
0.5856|52.62355
0.58567|52.62352
0.58641|52.62327
0.58694|52.62306
0.58697|52.62304
0.58767|52.62274
0.58792|52.6226
0.5892|52.62175
0.58962|52.62145
0.58992|52.62126
0.59015|52.6211
0.59016|52.62098
0.59011|52.62083
0.59024|52.62089
0.59027|52.62091
0.59031|52.62093
0.59039|52.62098
0.59041|52.62102
0.5905|52.62102
0.59055|52.62101
0.59072|52.62101
0.59084|52.62102
0.59169|52.62105
0.60258|52.6211
0.60311|52.62113
0.6063|52.62145
0.61061|52.62173
0.61088|52.62176
0.61119|52.62178
0.61207|52.62187
0.61227|52.62188
0.61463|52.6221
0.615|52.62212
0.61514|52.62192
0.61536|52.62125
0.61653|52.61737
0.61659|52.6172
0.61667|52.61709
0.61676|52.61701
0.61691|52.61693
0.61701|52.61689
0.61704|52.61687
0.61967|52.6161
0.61994|52.61603
0.62071|52.6158
0.62146|52.61555
0.62249|52.61514
0.62302|52.61495
0.62303|52.61495
0.62533|52.6141
0.62574|52.61398
0.62693|52.61358
0.62813|52.61313
0.62818|52.61312
0.62839|52.61304
0.62876|52.61292
0.62891|52.61288
0.62944|52.61271
0.63082|52.61234
0.63107|52.61229
0.63109|52.61228
0.63194|52.61218
0.63197|52.61217
0.63312|52.6121
0.63399|52.61202
0.63413|52.612
0.63429|52.61199
0.63512|52.61185
0.63587|52.61168
0.63642|52.61152
0.63754|52.61116
0.63755|52.61115
0.63766|52.61112
0.63778|52.61107
0.63806|52.61097
0.63855|52.61077
0.63877|52.61067
0.63885|52.61064
0.64068|52.60982
0.64099|52.60963
0.64112|52.60953
0.64181|52.60905
0.64185|52.60903
0.64377|52.60765
0.64452|52.60714
0.64465|52.60704
0.64485|52.60684
0.6452|52.60654
0.64543|52.60636
0.6455|52.60632
0.64561|52.6063
0.6456|52.60618
0.64556|52.60609
0.64551|52.60603
0.64545|52.60598
0.64532|52.60589
0.64519|52.60583
0.64502|52.60578
0.64472|52.60572
0.64402|52.60563
0.64348|52.60558
0.64337|52.60556
0.64264|52.60547
0.64261|52.60546
0.64218|52.60537
0.64164|52.60523
0.64134|52.6051
0.64129|52.60507
0.6411|52.60498
0.64079|52.6048
0.63901|52.60362
0.63883|52.60352
0.63816|52.60311
0.63725|52.60261
0.63686|52.60243
0.6368|52.60241
0.63621|52.60216
0.63559|52.60197
0.6355|52.60193
0.63504|52.60184
0.63501|52.60183
0.62823|52.60062
0.62822|52.60061
0.62741|52.60046
0.62738|52.60045
0.62577|52.60016
0.6251|52.60006
0.62274|52.59976
0.62221|52.59967
0.62218|52.59966
0.62167|52.59958
0.62125|52.5995
0.62108|52.59945
0.62082|52.59939
0.62048|52.59928
0.61991|52.59905
0.61932|52.59885
0.61689|52.59812
0.61666|52.59804
0.61584|52.59779
0.61445|52.59732
0.61384|52.59709
0.61333|52.59687
0.61276|52.5966
0.60839|52.59428
0.60789|52.59404
0.60734|52.59381
0.60699|52.5937
0.60663|52.59362
0.60578|52.5934
0.60289|52.59273
0.60158|52.59246
0.60123|52.59236
0.60104|52.59229
0.60079|52.59218
0.60038|52.59203
0.59979|52.59186
0.59915|52.5917
0.5985|52.59158
0.59798|52.5915
0.59794|52.59149
0.59714|52.59138
0.59631|52.59124
0.59552|52.59108
0.59501|52.59101
0.59428|52.59097
0.5941|52.59097
0.59338|52.59093
0.5931|52.59089
0.59303|52.59087
0.59291|52.59085
0.59269|52.59079
0.59202|52.59064
0.59164|52.59058
0.59155|52.59056
0.59049|52.59042
0.59048|52.59041
0.58863|52.5902
0.58558|52.58977
0.58537|52.58972
0.5852|52.58967
0.57901|52.58736
0.5746|52.5858
0.57438|52.5857
0.57427|52.58562
0.57413|52.58549
0.57384|52.58512
0.57367|52.58487
0.57358|52.58477
0.57276|52.58364
0.5727|52.58353
0.57307|52.58312
0.57415|52.58213
0.57703|52.58001
0.57723|52.57985
0.57739|52.57978
0.57748|52.57975
0.58599|52.57776
0.5892|52.57707
0.59344|52.57608
0.59351|52.57607
0.59572|52.57556
0.59618|52.57542
0.59619|52.57535
0.59627|52.57518
0.59695|52.57354
0.59695|52.57353
0.59712|52.57306
0.59713|52.57301
0.59726|52.57262
0.59736|52.57226
0.59741|52.57213
0.59741|52.57212
0.59746|52.57202
0.59752|52.57195
0.59761|52.57186
0.59771|52.57179
0.59784|52.57172
0.59827|52.57155
0.59863|52.57139
0.59864|52.57139
0.59879|52.57131
0.59981|52.57048
0.59993|52.5704
0.60003|52.57035
0.60061|52.57018
0.60069|52.57014
0.60072|52.57013
0.60079|52.57008
0.60093|52.56996
0.60101|52.56986
0.60107|52.5698
0.60113|52.56975
0.60127|52.56966
0.60139|52.56962
0.60153|52.56956
0.60308|52.56914
0.6034|52.56909
0.60369|52.56906
0.60443|52.56901
0.60726|52.56891
0.60837|52.56882
0.60855|52.56878
0.60862|52.56877
0.60863|52.56876
0.60876|52.56871
0.60884|52.56865
0.60885|52.56863
0.60887|52.56861
0.60888|52.56858
0.60889|52.56856
0.6089|52.56853
0.60891|52.56851
0.60891|52.56847
0.60889|52.56836
0.60887|52.5683
0.60886|52.56829
0.60881|52.56818
0.60876|52.56804
0.60864|52.56778
0.60853|52.5675
0.60846|52.56727
0.60832|52.56672
0.60806|52.56501
0.60804|52.56493
0.608|52.56471
0.608|52.56465
0.60799|52.56457
0.60797|52.56451
0.60796|52.56444
0.60795|52.56442
0.60795|52.56433
0.60796|52.56425
0.60801|52.56413
0.60804|52.56408
0.60809|52.56404
0.60813|52.56399
0.60835|52.56378
0.60865|52.56359
0.60862|52.56356
0.60859|52.56355
0.60855|52.56352
0.60849|52.56349
0.60757|52.56313
0.60729|52.56305
0.60685|52.56302
0.60604|52.56302
0.60588|52.56301
0.60568|52.56298
0.60557|52.56295
0.60532|52.56286
0.60519|52.56279
0.60504|52.56272
0.60474|52.56253
0.60454|52.56238
0.60445|52.56229
0.60435|52.56214
0.60427|52.56199
0.60424|52.56188
0.60422|52.56176
0.60419|52.56145
0.60418|52.56125
0.60416|52.56116
0.60413|52.56107
0.60408|52.56097
0.60397|52.56083
0.60389|52.56075
0.60321|52.56057
0.60291|52.56045
0.60278|52.56038
0.60271|52.56033
0.60269|52.56031
0.60268|52.56031
0.60258|52.56022
0.60254|52.56017
0.60254|52.56016
0.6024|52.56
0.60222|52.55976
0.60176|52.55922
0.60155|52.55905
0.60155|52.55904
0.60154|52.55902
0.60154|52.559
0.60153|52.55896
0.60153|52.55893
0.60154|52.55887
0.60157|52.55878
0.6016|52.55872
0.60168|52.55862
0.60173|52.55858
0.60185|52.55851
0.60192|52.55848
0.60209|52.55843
0.60374|52.55819
0.60381|52.55819
0.60499|52.55804
0.60605|52.55799
0.60811|52.55795
0.60815|52.55794
0.60826|52.55794
0.60937|52.55771
0.60993|52.55757
0.60974|52.55722
0.60957|52.55685
0.60949|52.55671
0.60942|52.55655
0.60915|52.55603
0.60906|52.55578
0.60904|52.55562
0.60902|52.55503
0.60905|52.55458
0.60905|52.55421
0.60906|52.55415
0.60912|52.55393
0.60917|52.5538
0.61065|52.55139
0.61077|52.55121
0.61099|52.55082
0.61114|52.55061
0.61125|52.55049
0.6117|52.55012
0.61214|52.5498
0.61229|52.54968
0.61246|52.54956
0.61265|52.5494
0.61267|52.54937
0.61276|52.54928
0.61295|52.54901
0.61321|52.54858
0.61323|52.54854
0.61356|52.54804
0.61363|52.5479
0.61365|52.54787
0.6137|52.54773
0.61373|52.54761
0.61374|52.54751
0.61375|52.54749
0.61376|52.54736
0.61376|52.54706
0.61377|52.54698
0.61382|52.54672
0.61392|52.54634
0.61391|52.54622
0.61387|52.546
0.61385|52.54596
0.61384|52.5459
0.61379|52.54578
0.61379|52.54577
0.6137|52.54553
0.61358|52.54526
0.61356|52.5452
0.61339|52.54485
0.61332|52.54474
0.61313|52.54452
0.61282|52.54419
0.6124|52.54382
0.61177|52.54333
0.61144|52.54302
0.61133|52.54289
0.61068|52.54195
0.61016|52.54116
0.61004|52.54094
0.61|52.54089
0.60991|52.54072
0.60961|52.54003
0.60949|52.53968
0.60905|52.53822
0.60892|52.53787
0.6088|52.53781
0.60845|52.53759
0.60829|52.53751
0.60801|52.5374
0.60783|52.53734
0.60742|52.53727
0.60693|52.53724
0.60673|52.53727
0.60398|52.53781
0.60397|52.53781
0.60152|52.53829
0.59996|52.53864
0.5996|52.53868
0.59895|52.53868
0.59809|52.53864
0.59782|52.53864
0.59744|52.53866
0.5968|52.53872
0.59177|52.54075
0.5916|52.54083
0.59135|52.5409
0.59126|52.54095
0.59089|52.54108
0.59061|52.54115
0.59034|52.54114
0.58977|52.54136
0.58962|52.54143
0.5889|52.54184
0.58851|52.54204
0.58842|52.54208
0.58831|52.54212
0.58809|52.54217
0.58785|52.54224
0.58757|52.54234
0.58755|52.54235
0.58733|52.54243
0.58684|52.54268
0.58648|52.5429
0.58644|52.54292
0.58641|52.54293
0.58636|52.54294
0.58641|52.54293
0.58644|52.54292
0.58648|52.5429
0.58684|52.54268
0.58733|52.54243
0.58755|52.54235
0.58757|52.54234
0.58785|52.54224
0.58809|52.54217
0.58806|52.54214
0.58805|52.54212
0.58802|52.5421
0.58799|52.54207
0.58762|52.54178
0.58745|52.54162
0.58741|52.54155
0.58683|52.54094
0.58605|52.53999
0.58585|52.53978
0.58568|52.53958
0.58557|52.53943
0.58553|52.53935
0.58533|52.53822
0.58533|52.53806
0.58535|52.53799
0.58539|52.53791
0.58545|52.53782
0.58553|52.53766
0.58549|52.53749
0.58526|52.53732
0.59018|52.53407
0.59067|52.53379
0.59093|52.53366
0.59114|52.53357
0.59124|52.53352
0.59126|52.53352
0.59158|52.5334
0.59201|52.53328
0.59236|52.53321
0.59279|52.53315
0.59322|52.53311
0.59533|52.533
0.5962|52.53292
0.59674|52.53282
0.59736|52.53265
0.59784|52.53249
0.60055|52.53139
0.60072|52.53133
0.60193|52.53082
0.60223|52.53068
0.60288|52.5303
0.60663|52.52788
0.60765|52.52728
0.60835|52.52692
0.60903|52.5266
0.60983|52.52627
0.61106|52.52584
0.61177|52.52563
0.61273|52.52539
0.61649|52.52454
0.61704|52.5244
0.61829|52.52404
0.61932|52.52367
0.62018|52.52331
0.62024|52.52329
0.62523|52.52102
0.62607|52.5206
0.6261|52.52059
0.62631|52.52048
0.62643|52.5204
0.62665|52.52028
0.62754|52.51974
0.62834|52.51917
0.62882|52.51878
0.62935|52.51829
0.63008|52.51757
0.6304|52.51721
0.63066|52.51687
0.63101|52.51645
0.63103|52.51642
0.63188|52.51545
0.63206|52.51526
0.63227|52.51506
0.63251|52.51485
0.63296|52.5145
0.63346|52.51418
0.63388|52.51395
0.6345|52.51366
0.63481|52.51353
0.63538|52.51333
0.63604|52.51314
0.63682|52.51296
0.63871|52.51262
0.63889|52.51258
0.64984|52.51062
0.65079|52.51042
0.65182|52.51024
0.6524|52.51011
0.65284|52.51073
0.65306|52.51113
0.65311|52.51125
0.65313|52.51132
0.65315|52.51147
0.65321|52.51166
0.65353|52.51231
0.6531|52.51239
0.65267|52.51249
0.65253|52.51251