1.73306|52.59702
1.73283|52.59718
1.73265|52.59724
1.732|52.59725
1.73195|52.59727
1.73193|52.59731
1.73192|52.59764
1.73195|52.59817
1.73059|52.59816
1.73048|52.59817
1.72925|52.59848
1.72898|52.59859
1.72801|52.59905
1.72799|52.59921
1.72798|52.59925
1.72756|52.60042
1.72755|52.60046
1.72728|52.60101
1.72703|52.60158
1.72698|52.60167
1.72647|52.6032
1.72631|52.60356
1.72571|52.60454
1.72509|52.60537
1.72441|52.60613
1.72414|52.60639
1.724|52.60657
1.72381|52.60678
1.72374|52.60681
1.72359|52.60689
1.72347|52.60693
1.72339|52.60693
1.7233|52.60695
1.72297|52.60683
1.72225|52.60651
1.72216|52.60645
1.72184|52.60627
1.72183|52.60626
1.72153|52.6061
1.72149|52.60607
1.72124|52.60593
1.72072|52.60557
1.72076|52.60537
1.72078|52.60535
1.72086|52.60519
1.72118|52.60467
1.72126|52.60451
1.72157|52.60401
1.7216|52.60394
1.72237|52.60247
1.72241|52.60241
1.72329|52.60084
1.72348|52.60043
1.72377|52.59989
1.72381|52.5998
1.7244|52.59872
1.72467|52.59818
1.72483|52.59791
1.72503|52.59748
1.72527|52.59675
1.7253|52.59651
1.72525|52.59529
1.72508|52.59368
1.72507|52.59315
1.7252|52.59188
1.7253|52.59132
1.7253|52.59126
1.72527|52.59121
1.72514|52.59109
1.72538|52.59086
1.72543|52.59054
1.72547|52.59039
1.72549|52.59027
1.72548|52.59004
1.7248|52.58844
1.72473|52.58824
1.72463|52.58749
1.72419|52.58613
1.72416|52.58606
1.72408|52.58598
1.72394|52.5859
1.72387|52.5858
1.72397|52.58559
1.72394|52.58554
1.72393|52.58554
1.724|52.58551
1.72433|52.58533
1.72526|52.58468
1.72529|52.58463
1.72533|52.58458
1.72564|52.58411
1.72579|52.58393
1.72614|52.58334
1.7264|52.5827
1.72643|52.58264
1.72647|52.58246
1.72651|52.58207
1.72649|52.58193
1.72628|52.58154
1.72513|52.58014
1.72501|52.57997
1.72463|52.57949
1.72407|52.57901
1.72381|52.57865
1.72387|52.57862
1.72396|52.57853
1.72397|52.5785
1.72397|52.57847
1.72395|52.57841
1.72378|52.57836
1.72374|52.57836
1.72366|52.57838
1.72364|52.5784
1.72361|52.57842
1.72353|52.57852
1.72352|52.57854
1.72352|52.57857
1.72353|52.57859
1.72315|52.57869
1.72264|52.57873
1.72241|52.57876
1.72199|52.57879
1.71913|52.5789
1.71756|52.57889
1.71705|52.57881
1.71646|52.57879
1.7148|52.5788
1.7122|52.57868
1.71088|52.57858
1.70743|52.57848
1.70616|52.57849
1.70591|52.57851
1.70566|52.57855
1.70494|52.57804
1.70439|52.5776
1.70352|52.57675
1.70323|52.57651
1.70205|52.57571
1.70147|52.57529
1.70142|52.57532
1.70138|52.57533
1.69786|52.57524
1.69731|52.5752
1.69648|52.57511
1.69626|52.57511
1.69608|52.57514
1.69606|52.57514
1.69585|52.5752
1.69573|52.57527
1.69514|52.57569
1.69491|52.5758
1.69373|52.57645
1.69272|52.57711
1.69124|52.57824
1.69047|52.57879
1.6902|52.5789
1.69006|52.57897
1.68948|52.57918
1.68691|52.57992
1.68559|52.58033
1.68412|52.5807
1.68167|52.58124
1.67806|52.58181
1.67724|52.58186
1.67777|52.58588
1.67773|52.58688
1.6777|52.58723
1.67766|52.58745
1.67762|52.58751
1.67757|52.58756
1.6775|52.58759
1.67737|52.58763
1.6761|52.58785
1.67521|52.58798
1.67427|52.58808
1.67293|52.58818
1.66959|52.58826
1.66565|52.58813
1.66518|52.58806
1.66424|52.58782
1.66372|52.58765
1.66329|52.58756
1.66142|52.58724
1.6607|52.58717
1.65968|52.58712
1.65952|52.58302
1.65954|52.58278
1.65952|52.58184
1.65942|52.58103
1.6594|52.58078
1.65933|52.58033
1.65933|52.58031
1.6593|52.58009
1.65933|52.57996
1.65937|52.57985
1.65943|52.57974
1.65982|52.57933
1.66006|52.57904
1.66011|52.57897
1.66091|52.57816
1.66147|52.57763
1.66151|52.57758
1.66197|52.57713
1.66252|52.57655
1.66285|52.57625
1.66357|52.57554
1.66364|52.57545
1.66651|52.57254
1.66691|52.57219
1.66779|52.57155
1.66816|52.5713
1.6684|52.57118
1.66851|52.57111
1.66885|52.57096
1.66916|52.57076
1.66921|52.57071
1.66935|52.57054
1.66944|52.57035
1.66952|52.57002
1.66953|52.56992
1.66955|52.56992
1.66957|52.56991
1.6696|52.56988
1.6696|52.56986
1.66959|52.56985
1.66958|52.56985
1.66956|52.56984
1.66951|52.56984
1.6695|52.56985
1.66948|52.56985
1.66948|52.56986
1.66937|52.56983
1.66924|52.56981
1.66863|52.56977
1.66656|52.56975
1.66654|52.56965
1.66649|52.5695
1.66644|52.5693
1.6664|52.56921
1.66626|52.56857
1.66617|52.5683
1.66617|52.56829
1.66609|52.56806
1.6664|52.568
1.66697|52.56786
1.66691|52.56771
1.66695|52.56763
1.66679|52.56728
1.66675|52.56721
1.66663|52.56709
1.66657|52.56704
1.6665|52.56702
1.66642|52.56698
1.66631|52.56688
1.66629|52.56684
1.66629|52.56667
1.66631|52.56649
1.66637|52.56618
1.66641|52.56588
1.66643|52.56558
1.66637|52.5651
1.66632|52.56496
1.66616|52.56459
1.66607|52.56443
1.66601|52.56435
1.666|52.56435
1.66594|52.56429
1.66586|52.56423
1.66576|52.56417
1.66563|52.56411
1.66555|52.56409
1.66455|52.56341
1.66425|52.56318
1.66436|52.56305
1.66442|52.56299
1.6648|52.56276
1.66553|52.56238
1.66572|52.56226
1.66699|52.56164
1.66714|52.56159
1.66821|52.56114
1.66825|52.56113
1.66921|52.56068
1.66943|52.56059
1.66976|52.56043
1.66996|52.5603
1.67005|52.56023
1.67016|52.56012
1.67017|52.5601
1.67037|52.55988
1.67058|52.55968
1.67081|52.55951
1.6711|52.55939
1.67197|52.55899
1.672|52.55897
1.67204|52.55893
1.67206|52.55892
1.6721|52.55885
1.67007|52.55727
1.66967|52.55692
1.66878|52.55606
1.66749|52.55499
1.66686|52.55452
1.66647|52.55426
1.66577|52.55388
1.66547|52.55374
1.66128|52.55203
1.661|52.55193
1.66038|52.55174
1.66012|52.55168
1.65937|52.55146
1.65926|52.55141
1.65922|52.5514
1.65892|52.55127
1.65823|52.55091
1.65702|52.5502
1.65507|52.54887
1.65467|52.54863
1.65433|52.54845
1.65417|52.54838
1.65411|52.54834
1.65343|52.54807
1.65309|52.54796
1.65109|52.5474
1.64933|52.54687
1.64658|52.5461
1.64652|52.54609
1.64598|52.54593
1.64596|52.54592
1.64547|52.54575
1.64498|52.5455
1.64481|52.54539
1.64455|52.5452
1.64447|52.54515
1.64425|52.54497
1.64408|52.54486
1.6432|52.54418
1.64224|52.5435
1.64204|52.54338
1.64194|52.54331
1.64158|52.54309
1.64113|52.54285
1.64095|52.54277
1.64082|52.54273
1.64075|52.5427
1.64048|52.54264
1.63987|52.54256
1.63903|52.54251
1.6387|52.54246
1.63843|52.54237
1.63829|52.54231
1.63816|52.54227
1.63806|52.54222
1.63736|52.54197
1.63687|52.54177
1.63591|52.54134
1.63575|52.54128
1.63558|52.54119
1.63474|52.54081
1.63462|52.54077
1.63426|52.54061
1.63367|52.54039
1.63297|52.54008
1.63291|52.54006
1.63249|52.53985
1.63202|52.53958
1.63145|52.5392
1.63084|52.53882
1.63082|52.5388
1.63|52.53833
1.62896|52.53778
1.6282|52.53747
1.62773|52.53733
1.62717|52.53722
1.62667|52.53716
1.62613|52.53713
1.62605|52.53712
1.62556|52.5371
1.62513|52.5371
1.62407|52.53714
1.62275|52.53726
1.62231|52.53728
1.62165|52.53727
1.62159|52.53726
1.6212|52.53724
1.62074|52.53719
1.61997|52.53706
1.61983|52.53702
1.61975|52.53699
1.61957|52.5369
1.61829|52.53615
1.6178|52.53582
1.61778|52.5358
1.61741|52.53553
1.61491|52.53354
1.61469|52.53334
1.61417|52.53276
1.61357|52.53203
1.61346|52.53186
1.61336|52.53157
1.61332|52.53142
1.6133|52.53125
1.61332|52.53102
1.61339|52.53079
1.61346|52.53065
1.61354|52.53052
1.61387|52.5301
1.61397|52.52992
1.61399|52.52984
1.61401|52.52966
1.61401|52.52954
1.61399|52.52936
1.61396|52.52922
1.6139|52.52903
1.61381|52.52882
1.61367|52.52854
1.61355|52.52824
1.61346|52.52792
1.6134|52.52735
1.61338|52.52689
1.61336|52.52668
1.61328|52.5262
1.61318|52.52586
1.61307|52.52556
1.613|52.5254
1.61289|52.52519
1.61266|52.52487
1.61244|52.52452
1.61237|52.52434
1.61236|52.52427
1.61233|52.52418
1.61233|52.52415
1.61221|52.52362
1.612|52.52284
1.61189|52.52258
1.61181|52.52246
1.61171|52.52234
1.61158|52.52221
1.61147|52.52212
1.61131|52.52201
1.61114|52.52192
1.61109|52.5219
1.61104|52.52187
1.61093|52.52182
1.61082|52.52179
1.61055|52.52169
1.61043|52.52166
1.61034|52.52162
1.61018|52.52157
1.61009|52.52152
1.61001|52.52149
1.60988|52.52142
1.60967|52.52128
1.60945|52.52108
1.6091|52.52066
1.60867|52.52009
1.60842|52.51973
1.60821|52.51939
1.6079|52.51873
1.60773|52.51841
1.60761|52.51826
1.60739|52.51805
1.60723|52.51794
1.60704|52.51783
1.60594|52.51735
1.60566|52.51721
1.60542|52.51706
1.60504|52.51679
1.60457|52.5164
1.60439|52.51628
1.60418|52.51619
1.60363|52.5161
1.60357|52.51608
1.60351|52.51607
1.6034|52.51603
1.60328|52.51595
1.60276|52.51627
1.60229|52.51662
1.60193|52.51686
1.60163|52.51704
1.60108|52.51729
1.60073|52.51742
1.60018|52.5176
1.59915|52.51779
1.59912|52.5178
1.59887|52.51785
1.59884|52.51785
1.59873|52.51788
1.59851|52.51798
1.59838|52.51807
1.59806|52.51826
1.59797|52.51833
1.59787|52.51839
1.59777|52.51844
1.59776|52.51845
1.59768|52.51849
1.59746|52.51857
1.59745|52.51858
1.59662|52.51884
1.59644|52.51891
1.59613|52.51911
1.595|52.52033
1.59452|52.52092
1.59391|52.52156
1.59372|52.52174
1.5936|52.52184
1.59285|52.52237
1.59283|52.52238
1.59273|52.52245
1.59261|52.52251
1.5926|52.52251
1.59248|52.52258
1.59216|52.52274
1.59195|52.52283
1.59148|52.5231
1.5904|52.52381
1.59032|52.52389
1.59026|52.52394
1.59016|52.52405
1.59016|52.52406
1.59006|52.5242
1.59005|52.52421
1.58996|52.52436
1.58987|52.52454
1.58987|52.52456
1.58978|52.52473
1.58963|52.52513
1.5896|52.52524
1.5896|52.52526
1.58948|52.52577
1.58937|52.52614
1.58934|52.52621
1.58931|52.52626
1.58928|52.52628
1.58931|52.52626
1.58934|52.52621
1.58937|52.52614
1.58948|52.52577
1.5896|52.52526
1.5896|52.52524
1.58963|52.52513
1.58978|52.52473
1.58987|52.52456
1.58987|52.52454
1.58996|52.52436
1.59005|52.52421
1.59006|52.5242
1.59016|52.52406
1.59016|52.52405
1.59026|52.52394
1.59032|52.52389
1.5904|52.52381
1.59148|52.5231
1.59195|52.52283
1.59216|52.52274
1.59248|52.52258
1.5926|52.52251
1.59261|52.52251
1.59273|52.52245
1.59283|52.52238
1.59285|52.52237
1.5936|52.52184
1.59372|52.52174
1.59391|52.52156
1.59452|52.52092
1.595|52.52033
1.59613|52.51911
1.59644|52.51891
1.59662|52.51884
1.59745|52.51858
1.59746|52.51857
1.59768|52.51849
1.59776|52.51845
1.59777|52.51844
1.59787|52.51839
1.59797|52.51833
1.59806|52.51826
1.59838|52.51807
1.59851|52.51798
1.59873|52.51788
1.59884|52.51785
1.59887|52.51785
1.59912|52.5178
1.59915|52.51779
1.60018|52.5176
1.60073|52.51742
1.60108|52.51729
1.60163|52.51704
1.60193|52.51686
1.60229|52.51662
1.60276|52.51627
1.60328|52.51595
1.6034|52.51603
1.60351|52.51607
1.60357|52.51608
1.60363|52.5161
1.60418|52.51619
1.60439|52.51628
1.60457|52.5164
1.60504|52.51679
1.60542|52.51706
1.60566|52.51721
1.60594|52.51735
1.60704|52.51783
1.60723|52.51794
1.60739|52.51805
1.60761|52.51826
1.60773|52.51841
1.6079|52.51873
1.60821|52.51939
1.60842|52.51973
1.60867|52.52009
1.6091|52.52066
1.60945|52.52108
1.60967|52.52128
1.60988|52.52142
1.61001|52.52149
1.61009|52.52152
1.61018|52.52157
1.61034|52.52162
1.61043|52.52166
1.61055|52.52169
1.61082|52.52179
1.61093|52.52182
1.61104|52.52187
1.61109|52.5219
1.61114|52.52192
1.61131|52.52201
1.61147|52.52212
1.61158|52.52221
1.61171|52.52234
1.61181|52.52246
1.61189|52.52258
1.612|52.52284
1.61221|52.52362
1.61233|52.52415
1.61233|52.52418
1.61236|52.52427
1.61237|52.52434
1.61244|52.52452
1.61266|52.52487
1.61289|52.52519
1.613|52.5254
1.61307|52.52556
1.61318|52.52586
1.61328|52.5262
1.61336|52.52668
1.61338|52.52689
1.6134|52.52735
1.61346|52.52792
1.61355|52.52824
1.61367|52.52854
1.61381|52.52882
1.6139|52.52903
1.61396|52.52922
1.61399|52.52936
1.61401|52.52954
1.61401|52.52966
1.61399|52.52984
1.61397|52.52992
1.61387|52.5301
1.61354|52.53052
1.61346|52.53065
1.61339|52.53079
1.61332|52.53102
1.6133|52.53125
1.61332|52.53142
1.61336|52.53157
1.61346|52.53186
1.61357|52.53203
1.61365|52.53213
1.61357|52.53203
1.61346|52.53186
1.61336|52.53157
1.61332|52.53142
1.6133|52.53125
1.61332|52.53102
1.61339|52.53079
1.61346|52.53065
1.61354|52.53052
1.61387|52.5301
1.61397|52.52992
1.61399|52.52984
1.61401|52.52966
1.61401|52.52954
1.61399|52.52936
1.61396|52.52922
1.6139|52.52903
1.61381|52.52882
1.61367|52.52854
1.61355|52.52824
1.61346|52.52792
1.6134|52.52735
1.61338|52.52689
1.61336|52.52668
1.61328|52.5262
1.61318|52.52586
1.61307|52.52556
1.613|52.5254
1.61289|52.52519
1.61266|52.52487
1.61244|52.52452
1.61237|52.52434
1.61236|52.52427
1.61233|52.52418
1.61233|52.52415
1.61221|52.52362
1.612|52.52284
1.61189|52.52258
1.61181|52.52246
1.61171|52.52234
1.61158|52.52221
1.61147|52.52212
1.61131|52.52201
1.61114|52.52192
1.61109|52.5219
1.61104|52.52187
1.61093|52.52182
1.61082|52.52179
1.61055|52.52169
1.61043|52.52166
1.61034|52.52162
1.61018|52.52157
1.61009|52.52152
1.61001|52.52149
1.60988|52.52142
1.60967|52.52128
1.60945|52.52108
1.6091|52.52066
1.60867|52.52009
1.60842|52.51973
1.60821|52.51939
1.6079|52.51873
1.60773|52.51841
1.60761|52.51826
1.60739|52.51805
1.60723|52.51794
1.60704|52.51783
1.60594|52.51735
1.60566|52.51721
1.60542|52.51706
1.60504|52.51679
1.60457|52.5164
1.60439|52.51628
1.60418|52.51619
1.60363|52.5161
1.60357|52.51608
1.60351|52.51607
1.6034|52.51603
1.6022|52.51525
1.60197|52.51514
1.60175|52.51508
1.60144|52.51503
1.60125|52.51503
1.60092|52.51505
1.59851|52.51536
1.59843|52.51536
1.59834|52.51537
1.59685|52.5154
1.59677|52.51539
1.59672|52.51539
1.59657|52.51537
1.59653|52.51543
1.5965|52.51546
1.59649|52.51546
1.59647|52.51548
1.5964|52.51551
1.58907|52.51804
1.5964|52.51551
1.59647|52.51548
1.59649|52.51546
1.5965|52.51546
1.59653|52.51543
1.59657|52.51537
1.59643|52.51533
1.59645|52.51522
1.59644|52.51517
1.59621|52.51483
1.59611|52.51473
1.5955|52.51423
1.59539|52.51411
1.59537|52.51406
1.59545|52.51384
1.59571|52.51335
1.59585|52.51312
1.59604|52.51285
1.59675|52.51197
1.59689|52.51176
1.59701|52.5116
1.59822|52.5102
1.59833|52.51012
1.59848|52.51004
1.59885|52.50987
1.59893|52.50982
1.59894|52.50982
1.59896|52.50978
1.59897|52.50973
1.59897|52.50968
1.59844|52.5095
1.59773|52.50915
1.5975|52.50899
1.59741|52.50887
1.59717|52.50847
1.59691|52.50816
1.5969|52.50814
1.59676|52.508
1.59671|52.50793
1.59666|52.50784
1.59665|52.50779
1.59665|52.50777
1.59666|52.50775
1.59666|52.50772
1.59672|52.50762
1.59741|52.50689
1.59755|52.50668
1.59783|52.50616
1.59825|52.50549
1.59856|52.50503
1.59876|52.50479
1.59905|52.50448
1.5992|52.50429
1.59943|52.5039
1.59964|52.50351
1.60023|52.50258
1.60068|52.50199
1.60072|52.50195
1.60101|52.50153
1.60122|52.50131
1.60142|52.50113
1.60224|52.50052
1.60317|52.49973
1.6033|52.4996
1.60367|52.49928
1.60379|52.49921
1.60464|52.49888
1.60719|52.49816
1.60785|52.49802
1.60791|52.498
1.60886|52.49788
1.61058|52.4976
1.61069|52.49759
1.61138|52.49743
1.61277|52.49703
1.61278|52.49702
1.61306|52.49692
1.6131|52.49691
1.61356|52.49674
1.61368|52.49667
1.61372|52.49666
1.61393|52.49658
1.61406|52.49652
1.61423|52.49646
1.61444|52.49641
1.61596|52.49613
1.61727|52.49578
1.61728|52.49578
1.61827|52.49548
1.6184|52.49542
1.61853|52.49534
1.61862|52.49526
1.6187|52.4952
1.61882|52.49504
1.61904|52.49478
1.61915|52.49461
1.61922|52.49446
1.61925|52.49427
1.61949|52.49311
1.61971|52.49077
1.61971|52.49073
1.61981|52.48991
1.61981|52.48975
1.61977|52.48965
1.61976|52.48958
1.6193|52.48861
1.61932|52.48855
1.61933|52.48843
1.61941|52.48839
1.62068|52.48758
1.62084|52.48751
1.62103|52.48745
1.62123|52.4874
1.62168|52.48732
1.6232|52.48727
1.62345|52.48723
1.62609|52.48519
1.62698|52.48438
1.62705|52.48426
1.63008|52.48414
1.63157|52.4842
1.63202|52.48419
1.63256|52.48415
1.6334|52.48402
1.63386|52.48392
1.63518|52.48357
1.63544|52.48349
1.63594|52.4833
1.63673|52.48288
1.63688|52.48281
1.63766|52.48257
1.63848|52.48335
1.63858|52.48342
1.63871|52.48348
1.6395|52.48368
1.64003|52.48378
1.64063|52.48384
1.64083|52.48384
1.64248|52.48374
1.64292|52.48373
1.64322|52.48368
1.64347|52.48362
1.64389|52.48345
1.64455|52.48325
1.64508|52.48312
1.64521|52.4831
1.64537|52.48309
1.64579|52.48313
1.64736|52.48336
1.64739|52.48337
1.65033|52.48381
1.65276|52.48394
1.65289|52.48393
1.65309|52.48389
1.65417|52.48348
1.65606|52.48271
1.65641|52.4826
1.65683|52.48255
1.65712|52.48255
1.65732|52.48257
1.65882|52.48284
1.6593|52.48295
1.65936|52.48299
1.65947|52.48313
1.65973|52.48355
1.66007|52.48405
1.66017|52.48422
1.66026|52.48419
1.66057|52.48413
1.66114|52.48397
1.66154|52.4839
1.66202|52.48386
1.66213|52.48386
1.66246|52.48382
1.66286|52.48372
1.66289|52.48372
1.66389|52.48337
1.66459|52.48316
1.66624|52.48275
1.66706|52.48258
1.66771|52.48249
1.66786|52.48246
1.66794|52.48243
1.66798|52.48239
1.66794|52.48243
1.66786|52.48246
1.66771|52.48249
1.66706|52.48258
1.66624|52.48275
1.66459|52.48316
1.66389|52.48337
1.66289|52.48372
1.66286|52.48372
1.66246|52.48382
1.66213|52.48386
1.66202|52.48386
1.66154|52.4839
1.66114|52.48397
1.66057|52.48413
1.66026|52.48419
1.66017|52.48422
1.66007|52.48405
1.65973|52.48355
1.65947|52.48313
1.65936|52.48299
1.6593|52.48295
1.65882|52.48284
1.65732|52.48257
1.65712|52.48255
1.65683|52.48255
1.65641|52.4826
1.65606|52.48271
1.65417|52.48348
1.65309|52.48389
1.65289|52.48393
1.65276|52.48394
1.65033|52.48381
1.64739|52.48337
1.64736|52.48336
1.64579|52.48313
1.64537|52.48309
1.64521|52.4831
1.64508|52.48312
1.64455|52.48325
1.64389|52.48345
1.64347|52.48362
1.64322|52.48368
1.64292|52.48373
1.64248|52.48374
1.64083|52.48384
1.64063|52.48384
1.64003|52.48378
1.6395|52.48368
1.63871|52.48348
1.63858|52.48342
1.63848|52.48335
1.63766|52.48257
1.63688|52.48281
1.63673|52.48288
1.63594|52.4833
1.63544|52.48349
1.63518|52.48357
1.63386|52.48392
1.6334|52.48402
1.63256|52.48415
1.63202|52.48419
1.63157|52.4842
1.63008|52.48414
1.62456|52.48433
1.6223|52.48431
1.62137|52.48434
1.62121|52.48436
1.62101|52.4844
1.62076|52.48449
1.62059|52.48457
1.62042|52.48467
1.62016|52.48478
1.61999|52.48484
1.61971|52.48489
1.6194|52.48489
1.61838|52.48485
1.61518|52.48486
1.6135|52.48496
1.6128|52.48504
1.61179|52.48519
1.61075|52.48539
1.61037|52.48543
1.61032|52.48543
1.60989|52.48548
1.60952|52.4855
1.60881|52.48563
1.60833|52.48576
1.60756|52.486
1.60754|52.486
1.60699|52.48616
1.60685|52.48618
1.60672|52.48618
1.60661|52.48619
1.60638|52.48617
1.60626|52.48615
1.60615|52.48612
1.60589|52.48602
1.60577|52.48596
1.60568|52.4859
1.60424|52.4847
1.60403|52.48459
1.60387|52.48452
1.60369|52.48448
1.60366|52.48448
1.60353|52.48446
1.6034|52.48446
1.60329|52.48445
1.60316|52.48445
1.60303|52.48446
1.60267|52.48453
1.60182|52.48474
1.60166|52.48477
1.60147|52.48479
1.59984|52.48506
1.59768|52.48547
1.597|52.48554
1.59553|52.48559
1.59457|52.48558
1.59397|52.48554
1.59372|52.48551
1.59305|52.4854
1.59302|52.4854
1.59232|52.48529
1.59189|52.48519
1.59163|52.48511
1.59037|52.48464
1.58945|52.48434
1.58878|52.48417
1.58849|52.48412
1.5875|52.48389
1.5867|52.48374
1.58545|52.48359
1.58496|52.48355
1.58438|52.48355
1.5842|52.48356
1.58352|52.48356
1.58321|52.48352
1.58306|52.48348
1.58243|52.48324
1.58215|52.48315
1.58146|52.483
1.58114|52.48296
1.58019|52.48289
1.58013|52.48288
1.57962|52.48284
1.57837|52.48265
1.57734|52.48244
1.57705|52.4824
1.57703|52.4824
1.57676|52.48236
1.57618|52.4823
1.57559|52.48227
1.5749|52.4822
1.57386|52.48205
1.57383|52.48204
1.5735|52.48199
1.57331|52.48195
1.57274|52.48176
1.57122|52.48115
1.57088|52.48103
1.57077|52.481
1.57047|52.48094
1.5698|52.48087
1.56974|52.48087
1.5697|52.48088
1.56966|52.48088
1.56963|52.48089
1.56954|52.4809
1.5692|52.48073
1.56863|52.4805
1.56818|52.48035
1.56802|52.48031
1.5679|52.48027
1.56789|52.48027
1.56705|52.48009
1.56649|52.48001
1.56658|52.47861
1.5665|52.47739
1.56568|52.47736
1.56508|52.4773
1.56503|52.47729
1.56451|52.47724
1.56313|52.47703
1.56227|52.47686
1.56171|52.47673
1.56162|52.47672
1.56158|52.47671
1.55886|52.47637
1.55557|52.47622
1.5522|52.47616
1.55216|52.47615
1.55215|52.47615
1.55213|52.47614
1.55212|52.47614
1.55211|52.47613
1.55211|52.47612
1.5522|52.47583
1.5522|52.47575
1.55219|52.47573
1.55217|52.47571
1.55216|52.47569
1.55215|52.47569
1.55202|52.47564
1.55198|52.47563
1.55167|52.47546
1.5514|52.47535
1.55136|52.47534
1.55102|52.47533
1.55089|52.47531
1.55059|52.47524
1.55055|52.47524
1.55052|52.47523
1.55028|52.47522
1.54871|52.47527
1.54915|52.47391
1.54927|52.47362
1.54933|52.47344
1.54943|52.4732
1.54986|52.47284
1.54986|52.4728
1.5498|52.47276
1.54962|52.47269
1.54956|52.47266
1.54939|52.4726
1.54935|52.47257
1.54933|52.47254
1.54961|52.47222
1.5496|52.47222
1.54959|52.47221
1.54957|52.4722
1.54955|52.4722
1.54951|52.47218
1.54949|52.47216
1.54949|52.47215
1.54948|52.47214
1.54975|52.47112
1.54999|52.4712
1.55027|52.47009
1.54937|52.47017
1.54714|52.47048
1.54544|52.47043
1.54519|52.47046
1.54512|52.47046
1.54503|52.47048
1.54495|52.47052
1.54492|52.47053
1.54483|52.47059
1.54482|52.4706
1.5448|52.47063
1.54479|52.47064
1.54478|52.47067
1.54478|52.47072
1.54479|52.47076
1.54504|52.47127
1.54521|52.47153
1.54525|52.47163
1.54525|52.47168
1.54524|52.47173
1.54519|52.4718
1.54508|52.47189
1.54406|52.4724
1.54289|52.47287
1.54248|52.473
1.54223|52.47303
1.5422|52.47308
1.54218|52.4731
1.54201|52.47319
1.54171|52.47339
1.54157|52.47351
1.54093|52.47429
1.54048|52.47473
1.54004|52.47508
1.53976|52.47528
1.53929|52.47558
1.53907|52.4757
1.53884|52.4758
1.53861|52.47586
1.53834|52.47591
1.53804|52.47593
1.53723|52.47595
1.53599|52.47593
1.53451|52.47601
1.53385|52.47601
1.53359|52.47599
1.53126|52.4757
1.5305|52.47565
1.52838|52.4756
1.52742|52.47565
1.52645|52.4758
1.52601|52.47589
1.52506|52.47614
1.52444|52.47622
1.52383|52.47623
1.5238|52.47622
1.523|52.47615
1.52293|52.47613
1.52265|52.47608
1.52195|52.47591
1.52041|52.47543
1.52007|52.47535
1.51988|52.47532
1.51741|52.47505
1.51745|52.47516
1.51749|52.47522
1.51749|52.47524
1.5176|52.47545
1.5177|52.47568
1.51775|52.47583
1.51829|52.47714
1.51858|52.47775
1.5188|52.47817
1.5188|52.47818
1.51907|52.47866
1.51909|52.47868
1.5196|52.47938
1.51999|52.48
1.52026|52.48047
1.5203|52.48056
1.52035|52.48064
1.5227|52.48288
1.52279|52.483
1.52282|52.48309
1.52301|52.48325
1.52312|52.48337
1.52379|52.48401
1.52395|52.48413
1.52404|52.48418
1.52433|52.48431
1.52436|52.48433
1.52533|52.48474
1.52489|52.48517
1.52458|52.4855
1.52446|52.48565
1.52436|52.4858
1.52432|52.48584
1.52328|52.48731
1.52327|52.48733
1.52052|52.49122
1.52043|52.49122
1.52039|52.49121
1.5203|52.49121
1.51999|52.49124
1.51911|52.49128
1.51854|52.49133
1.51831|52.49137
1.51788|52.49148
1.51786|52.49149
1.51761|52.49155
1.51734|52.49165
1.51717|52.49175
1.51707|52.49182
1.51684|52.49196
1.51593|52.49239
1.51571|52.49246
1.51532|52.49256
1.51507|52.49261
1.51463|52.49275
1.51416|52.49288
1.51405|52.4929
1.51237|52.49334
1.51232|52.49334
1.51231|52.49333
1.5123|52.49333
1.51125|52.49206
1.51111|52.49191
1.51093|52.49178
1.51074|52.49167
1.51042|52.49159
1.51034|52.49155
1.51033|52.49155
1.51032|52.49154
1.51032|52.49153
1.51031|52.49151
1.50991|52.48838
1.50939|52.48845
1.50919|52.48849
1.50906|52.48853
1.50856|52.48872
1.5083|52.48878
1.50802|52.48883
1.50771|52.48887
1.50729|52.4889
1.50714|52.4889
1.507|52.48889
1.50664|52.48882
1.50512|52.48834
1.50465|52.48833
1.50449|52.48835
1.50355|52.48857
1.50223|52.48895
1.50198|52.48901
1.5013|52.48913
1.50039|52.48922
1.49936|52.48923
1.49711|52.48914
1.49682|52.48915
1.49676|52.48916
1.49658|52.48917
1.49533|52.48939
1.49532|52.4894
1.49513|52.48946
1.49491|52.48958
1.49523|52.49081
1.49539|52.49125
1.49562|52.49199
1.49576|52.49257
1.49583|52.49314
1.49576|52.49257
1.49562|52.49199
1.49539|52.49125
1.49523|52.49081
1.49491|52.48958
1.49495|52.48937
1.49483|52.48906
1.49462|52.48862
1.49426|52.48793
1.49399|52.48732
1.4935|52.4863
1.49305|52.48553
1.49303|52.48548
1.49302|52.48543
1.49302|52.48538
1.49307|52.48518
1.49312|52.48511
1.49223|52.48485
1.49221|52.48484
1.49208|52.48484
1.49129|52.48454
1.49069|52.48427
1.48798|52.48296
1.48761|52.4828
1.48681|52.48249
1.48628|52.48231
1.48298|52.48133
1.48297|52.48133
1.48039|52.48057
1.47912|52.48016
1.47897|52.4801
1.47942|52.47984
1.47993|52.47962
1.4802|52.47946
1.48041|52.4793
1.48061|52.47911
1.48146|52.47804
1.48148|52.47799
1.4816|52.47782
1.48164|52.47772
1.48232|52.47549
1.48252|52.47465
1.48257|52.47451
1.48261|52.47444
1.4828|52.47423
1.48286|52.47418
1.48287|52.47416
1.4831|52.47401
1.48287|52.47416
1.48286|52.47418
1.4828|52.47423
1.48261|52.47444
1.48257|52.47451
1.48252|52.47465
1.48232|52.47549
1.48164|52.47772
1.4816|52.47782
1.48148|52.47799
1.48146|52.47804
1.48061|52.47911
1.48041|52.4793
1.4802|52.47946
1.47993|52.47962
1.47942|52.47984
1.47897|52.4801
1.47912|52.48016
1.47969|52.48035
1.47931|52.48078
1.47857|52.48179
1.47851|52.48186
1.47837|52.4821
1.47834|52.48212
1.47833|52.48225
1.47833|52.4827
1.47828|52.48294
1.47823|52.48308
1.47799|52.4834
1.47784|52.48368
1.47784|52.48369
1.47758|52.48439
1.47745|52.48492
1.47744|52.48493
1.4773|52.48546
1.47718|52.48573
1.4771|52.48598
1.4771|52.486
1.47694|52.48686
1.47683|52.48728
1.47676|52.48767
1.4758|52.48724
1.4744|52.48675
1.47413|52.4867
1.47397|52.48666
1.47384|52.48665
1.47331|52.48656
1.47297|52.48647
1.47231|52.48621
1.47227|52.48618
1.4713|52.48567
1.4705|52.48532
1.47004|52.48515
1.46979|52.48507
1.46923|52.48494
1.46827|52.48486
1.46647|52.48461
1.46502|52.48436
1.46429|52.48414
1.46387|52.48403
1.46375|52.48403
1.46365|52.48404
1.46358|52.48404
1.46346|52.48401
1.46301|52.48394
1.46211|52.48376
1.46155|52.4836
1.46126|52.48354
1.45982|52.48332
1.45758|52.48309
1.45685|52.48304
1.45628|52.48302
1.45505|52.48303
1.45463|52.48305
1.45357|52.48301
1.45264|52.48294
1.45215|52.48288
1.45116|52.48271
1.45056|52.48256
1.44989|52.48245
1.44878|52.4823
1.44819|52.48227
1.44767|52.48227
1.44756|52.48225
1.44634|52.48212
1.44552|52.48218
1.44511|52.48223
1.44481|52.48223
1.44464|52.48222
1.44436|52.48216
1.44347|52.48189
1.44319|52.48184
1.44292|52.48182
1.44265|52.48182
1.44242|52.48184
1.44204|52.48191
1.4416|52.48202
1.44158|52.48202
1.43997|52.48235
1.43966|52.48239
1.43964|52.48223
1.43964|52.48201
1.43967|52.48187
1.43973|52.4817
1.43954|52.48167
1.43934|52.48167
1.43921|52.48166
1.439|52.48162
1.43876|52.48152
1.43762|52.48082
1.43761|52.48081
1.43736|52.48065
1.43721|52.48052
1.43711|52.48038
1.43709|52.48037
1.43692|52.48015
1.4369|52.48011
1.43656|52.47979
1.43631|52.47963
1.43607|52.47952
1.43573|52.47942
1.43432|52.47911
1.43283|52.47882
1.43277|52.47869
1.43291|52.47847
1.43303|52.47821
1.43314|52.47801
1.43334|52.4777
1.43345|52.47759
1.43361|52.47748
1.43382|52.47736
1.43432|52.47712
1.43437|52.47709
1.43451|52.47697
1.4351|52.47597
1.43528|52.47572
1.43536|52.47559
1.43539|52.47551
1.43538|52.4754
1.43534|52.47531
1.43525|52.47521
1.43524|52.47521
1.43491|52.47491
1.43486|52.47482
1.43483|52.47473
1.43481|52.47421
1.43474|52.47368
1.4347|52.47321
1.43467|52.47316
1.43561|52.47263
1.43595|52.47242
1.43704|52.47161
1.43728|52.47148
1.43756|52.47138
1.43807|52.47116
1.43827|52.47104
1.43893|52.47046
1.43902|52.47033
1.43902|52.47027
1.43903|52.4702
1.439|52.46994
1.43876|52.46908
1.43874|52.46891
1.43875|52.4687
1.43878|52.4686
1.43888|52.46838
1.43944|52.46741
1.43954|52.4672
1.43958|52.46708
1.43963|52.46698
1.43971|52.46686
1.43985|52.4667
1.44028|52.46632
1.4409|52.46571
1.44117|52.46541
1.44145|52.46507
1.44153|52.46495
1.44165|52.46472
1.4417|52.4646
1.44176|52.46438
1.44177|52.46436
1.44174|52.46403
1.44179|52.46404
1.44185|52.46404
1.44187|52.46403
1.4419|52.46403
1.44193|52.46402
1.44196|52.46402
1.44205|52.46397
1.44211|52.46391
1.44212|52.46389
1.44212|52.46388
1.44213|52.46386
1.44213|52.46383
1.44212|52.46381
1.44212|52.46379
1.44211|52.46378
1.44209|52.46374
1.44207|52.46373
1.44204|52.4637
1.44192|52.46365
1.44189|52.46365
1.44186|52.46364
1.44175|52.46364
1.44172|52.46365
1.44169|52.46365
1.44161|52.46368
1.44155|52.46371
1.44148|52.46378
1.43315|52.45975
1.43319|52.45971
1.43319|52.4597
1.4332|52.45969
1.43321|52.45967
1.43321|52.45961
1.4332|52.45959
1.4332|52.45958
1.43318|52.45956
1.43317|52.45954
1.43315|52.45953
1.43314|52.45952
1.4331|52.4595
1.43375|52.45898
1.43389|52.45885
1.43445|52.4584
1.43445|52.45839
1.43529|52.45778
1.43453|52.45733
1.43302|52.45663
1.43351|52.45635
1.43377|52.45623
1.4339|52.45618
1.43382|52.45614
1.43381|52.45613
1.43364|52.45603
1.43317|52.45583
1.43292|52.45574
1.43278|52.45568
1.4314|52.45519
1.43139|52.45519
1.4311|52.4551
1.43086|52.45505
1.43042|52.45498
1.42991|52.45493
1.42934|52.45491
1.42741|52.45493
1.42684|52.45487
1.42634|52.45475
1.42603|52.45463
1.42398|52.45369
1.42263|52.45312
1.42045|52.452
1.42051|52.45189
1.42093|52.45007
1.42112|52.44882
1.42114|52.44833
1.42113|52.44829
1.42109|52.44819
1.42018|52.44853
1.42011|52.44855
1.41986|52.44865
1.41973|52.44868
1.41972|52.44869
1.41929|52.44881
1.41888|52.44889
1.41818|52.44895
1.4172|52.44896
1.41708|52.44897
1.41674|52.44896
1.4155|52.44869
1.41476|52.44855
1.4127|52.44801
1.41199|52.4478
1.4118|52.44772
1.41152|52.44762
1.41008|52.44698
1.40913|52.4466
1.40836|52.44626
1.40559|52.4449
1.40416|52.44428
1.40323|52.44385
1.40278|52.44362
1.40232|52.44333
1.40181|52.44298
1.40178|52.44297
1.40068|52.44226
1.4002|52.44204
1.39976|52.44187
1.39927|52.44175
1.39849|52.44159
1.39818|52.44155
1.39787|52.44162
1.39758|52.44138
1.39748|52.44133
1.39601|52.44046
1.39582|52.44037
1.39579|52.44035
1.39503|52.43997
1.39253|52.43904
1.39203|52.43882
1.39038|52.43786
1.38949|52.43741
1.38861|52.43701
1.38766|52.43663
1.38728|52.43651
1.38704|52.43645
1.38624|52.43632
1.38599|52.43623
1.38561|52.43607
1.38465|52.43574
1.38433|52.43566
1.38428|52.43566
1.38424|52.43563
1.3842|52.43561
1.38416|52.4356
1.38411|52.43558
1.38356|52.43546
1.38301|52.43536
1.3827|52.43533
1.38267|52.43532
1.38265|52.43533
1.38263|52.43533
1.38261|52.43534
1.3826|52.43536
1.38259|52.43537
1.38089|52.43474
1.38077|52.43488
1.38067|52.43496
1.38056|52.43501
1.3805|52.43502
1.38032|52.43502
1.37903|52.4349
1.37673|52.43474
1.37618|52.43474
1.37576|52.43477
1.3756|52.4348
1.37546|52.43484
1.37543|52.43484
1.3752|52.43491
1.3747|52.43515
1.37467|52.43517
1.3744|52.43526
1.37409|52.43534
1.37293|52.43559
1.3719|52.43588
1.37138|52.436
1.3713|52.436
1.37101|52.43603
1.37062|52.4361
1.37025|52.43619
1.36993|52.43624
1.36953|52.43627
1.36813|52.43617
1.36792|52.43617
1.36775|52.43619
1.3672|52.43635
1.36705|52.43637
1.36687|52.43638
1.36603|52.43638
1.36562|52.43642
1.36555|52.43644
1.36509|52.43653
1.36452|52.43667
1.36428|52.43675
1.36404|52.43687
1.36349|52.43722
1.3632|52.43734
1.36251|52.43746
1.36206|52.43749
1.36156|52.43746
1.36122|52.43737
1.36033|52.43708
1.35986|52.43689
1.35971|52.43682
1.35969|52.43676
1.35966|52.43671
1.3596|52.43665
1.35953|52.43662
1.35938|52.43659
1.35902|52.43659
1.35783|52.43664
1.35754|52.43668
1.35571|52.43704
1.35567|52.43704
1.35531|52.43711
1.3545|52.43714
1.35362|52.4371
1.35302|52.43705
1.35106|52.43679
1.35077|52.43674
1.35067|52.43673
1.34944|52.43649
1.34874|52.43627
1.34836|52.4361
1.34726|52.43567
1.34695|52.43557
1.34674|52.43552
1.34656|52.43549
1.34613|52.43537
1.34599|52.43531
1.34567|52.43514
1.34517|52.43491
1.34469|52.43473
1.34436|52.43465
1.34375|52.43457
1.34348|52.43455
1.34156|52.43433
1.34146|52.43423
1.34118|52.43386
1.34095|52.43351
1.34094|52.43335
1.34099|52.43315
1.34102|52.43296
1.34102|52.43285
1.341|52.43276
1.34094|52.43269
1.34081|52.43259
1.34056|52.43243
1.33928|52.43168
1.33789|52.43078
1.33687|52.4302
1.33647|52.43
1.33639|52.42992
1.3362|52.42967
1.33611|52.42953
1.33592|52.42932
1.33579|52.42923
1.33564|52.42915
1.335|52.42901
1.33437|52.42873
1.33436|52.42872
1.33415|52.4286
1.33377|52.4283
1.33322|52.42793
1.33159|52.42713
1.33125|52.42693
1.33115|52.42686
1.33107|52.42678
1.33088|52.42642
1.33076|52.42622
1.3306|52.42605
1.33044|52.4259
1.33001|52.42568
1.32963|52.42554
1.32943|52.42549
1.32919|52.42545
1.32898|52.42545
1.32865|52.42543
1.32782|52.42527
1.32512|52.42482
1.32413|52.42461
1.32418|52.42451
1.32427|52.42428
1.32431|52.42405
1.32434|52.42378
1.32435|52.42337
1.32434|52.42334
1.32428|52.42287
1.32428|52.42281
1.32426|52.42262
1.3243|52.42196
1.32433|52.42173
1.32433|52.4216
1.32432|52.42153
1.32429|52.42145
1.32413|52.42124
1.3241|52.42122
1.3235|52.42053
1.3233|52.42032
1.32313|52.42011
1.32292|52.41989
1.32283|52.41981
1.32258|52.41962
1.32242|52.41954
1.32234|52.41949
1.32205|52.41936
1.32175|52.41919
1.32174|52.41919
1.32159|52.4191
1.3215|52.41901
1.32142|52.4189
1.32138|52.41883
1.32132|52.41877
1.32114|52.41868
1.32093|52.41862
1.32011|52.4185
1.31961|52.4184
1.31894|52.4182
1.31844|52.41802
1.31789|52.41777
1.31751|52.41757
1.3186|52.41644
1.31875|52.4163
1.31877|52.41629
1.32064|52.41468
1.32083|52.41454
1.32137|52.41407
1.32154|52.41394
1.32164|52.41388
1.32178|52.41381
1.32191|52.41377
1.32224|52.41371
1.32412|52.41362
1.32473|52.41356
1.32531|52.41347
1.32576|52.41336
1.32596|52.41327
1.32656|52.41295
1.32657|52.41295
1.32677|52.41284
1.32679|52.41282
1.32688|52.41266
1.32562|52.41245
1.32191|52.41171
1.32181|52.41168
1.32168|52.41166
1.32107|52.4115
1.32088|52.41144
1.32086|52.41143
1.32068|52.41137
1.3203|52.41122
1.32014|52.41114
1.31971|52.41088
1.31958|52.41074
1.3196|52.41074
1.31961|52.41073
1.31962|52.41073
1.31963|52.41072
1.31964|52.41072
1.31965|52.41071
1.31966|52.41071
1.31967|52.4107
1.31968|52.4107
1.31968|52.41069
1.31969|52.41068
1.3197|52.41068
1.3197|52.41067
1.31971|52.41066
1.31971|52.41065
1.31972|52.41064
1.31972|52.41061
1.31971|52.41059
1.31971|52.41058
1.3197|52.41057
1.3197|52.41056
1.31969|52.41055
1.31968|52.41055
1.31968|52.41054
1.31967|52.41054
1.31965|52.41052
1.31964|52.41052
1.31963|52.41051
1.31962|52.41051
1.31961|52.4105
1.31959|52.4105
1.31957|52.41049
1.31942|52.41049
1.31941|52.4105
1.31939|52.4105
1.31937|52.41051
1.31936|52.41052
1.31935|52.41052
1.31934|52.41053
1.31933|52.41053
1.31933|52.41054
1.31932|52.41054
1.31931|52.41055
1.31931|52.41056
1.3193|52.41056
1.31929|52.41057
1.31929|52.41059
1.31928|52.4106
1.31928|52.41064
1.31929|52.41065
1.31929|52.41066
1.3193|52.41066
1.31874|52.41072
1.31842|52.41073
1.31765|52.4107
1.31731|52.41066
1.31673|52.41056
1.31668|52.41056
1.31582|52.41042
1.31568|52.41041
1.31543|52.41037
1.3153|52.41036
1.31503|52.41032
1.31477|52.41033
1.31417|52.41028
1.31392|52.41023
1.31336|52.41007
1.31322|52.41005
1.31313|52.41006
1.31283|52.41017
1.31277|52.4102
1.31247|52.41026
1.3123|52.41028
1.31208|52.41028
1.31158|52.41022
1.31063|52.41016
1.30987|52.41007
1.30946|52.41005
1.30908|52.41005
1.3085|52.41008
1.30807|52.41012
1.30767|52.41019
1.30733|52.41027
1.30589|52.41072
1.30569|52.41077
1.30499|52.41091
1.30436|52.41099
1.30343|52.41106
1.30338|52.41107
1.30293|52.41107
1.30289|52.41105
1.30286|52.41104
1.30283|52.41106
1.3028|52.41106
1.30277|52.41107
1.3011|52.41111
1.30053|52.41109
1.29947|52.41097
1.29906|52.41095
1.29873|52.41095
1.29826|52.411
1.29779|52.41107
1.29769|52.4111
1.29741|52.41116
1.29665|52.41141
1.29663|52.41141
1.29496|52.41177
1.29478|52.41182
1.2942|52.41193
1.29343|52.41201
1.29309|52.41202
1.29227|52.41201
1.29199|52.41202
1.29049|52.41224
1.29033|52.41222
1.29018|52.41217
1.28935|52.41166
1.2888|52.41138
1.28857|52.41125
1.28755|52.4108
1.28727|52.41071
1.28693|52.41063
1.28668|52.41061
1.28637|52.41062
1.28596|52.41068
1.2852|52.41086
1.28434|52.41109
1.28418|52.41108
1.28412|52.41082
1.28404|52.41064
1.284|52.41052
1.2839|52.40996
1.2839|52.40993
1.28376|52.40901
1.28372|52.40885
1.28366|52.40869
1.28358|52.40835
1.28356|52.40804
1.28363|52.40715
1.28362|52.40687
1.28357|52.40631
1.28356|52.40604
1.28359|52.40567
1.28357|52.40555
1.28353|52.40544
1.28318|52.40491
1.28294|52.4046
1.28279|52.40446
1.28263|52.40426
1.2819|52.4035
1.28172|52.40328
1.28152|52.40294
1.28096|52.40185
1.28077|52.40137
1.28067|52.4009
1.2806|52.40072
1.28045|52.40008
1.28028|52.39953
1.28012|52.39894
1.28|52.3986
1.27975|52.39797
1.27971|52.39785
1.27944|52.3973
1.27931|52.39692
1.27932|52.39679
1.27936|52.39665
1.27945|52.39652
1.27966|52.39633
1.27985|52.39619
1.28011|52.39605
1.28036|52.39595
1.28068|52.39585
1.28177|52.39558
1.28265|52.39532
1.28312|52.39515
1.28334|52.39504
1.28392|52.39471
1.28414|52.39456
1.28439|52.39437
1.28464|52.39416
1.28495|52.39384
1.28492|52.3936
1.28449|52.39318
1.28405|52.39278
1.28407|52.39277
1.28408|52.39277
1.28408|52.39276
1.28409|52.39276
1.2841|52.39275
1.28411|52.39275
1.28411|52.39274
1.28412|52.39274
1.28412|52.39273
1.28413|52.39273
1.28413|52.39272
1.28414|52.39271
1.28414|52.39269
1.28415|52.39269
1.28415|52.39266
1.28414|52.39265
1.28414|52.39263
1.28413|52.39263
1.28413|52.39262
1.28412|52.39262
1.28412|52.39261
1.28411|52.3926
1.2841|52.3926
1.28408|52.39258
1.28407|52.39258
1.28406|52.39257
1.28404|52.39257
1.28403|52.39256
1.284|52.39256
1.28399|52.39255
1.2839|52.39255
1.28389|52.39256
1.28386|52.39256
1.28385|52.39257
1.28383|52.39257
1.2836|52.39241
1.28298|52.39214
1.28286|52.3921
1.27991|52.39092
1.27909|52.3905
1.27909|52.39049
1.27758|52.3896
1.27661|52.38907
1.27578|52.38857
1.27538|52.3883
1.27493|52.38795
1.2749|52.38792
1.27453|52.38768
1.27374|52.38727
1.27323|52.38706
1.27296|52.38726
1.27249|52.38751
1.27239|52.38758
1.27218|52.38782
1.27167|52.38869
1.27158|52.38882
1.27139|52.389
1.27134|52.38906
1.27131|52.38906
1.27122|52.38903
1.27121|52.38902
1.27117|52.38902
1.27115|52.38903
1.27098|52.3892
1.26311|52.38464
1.26185|52.38386
1.25891|52.38196
1.257|52.38064
1.25668|52.3804
1.25647|52.38026
1.25498|52.37917
1.25258|52.37733
1.25254|52.37731
1.25211|52.37702
1.25157|52.3767
1.25154|52.37669
1.2511|52.37646
1.25064|52.37625
1.24989|52.37595
1.24844|52.37552
1.2443|52.37454
1.24121|52.37375
1.23907|52.37315
1.23858|52.37298
1.23799|52.37273
1.23731|52.37241
1.23711|52.3723
1.2371|52.37229
1.23657|52.37198
1.23599|52.37158
1.23548|52.37117
1.23513|52.37086
1.23329|52.36907
1.23274|52.36861
1.2323|52.36829
1.23224|52.36826
1.23207|52.36815
1.23148|52.36783
1.23064|52.36745
1.22984|52.36718
1.22881|52.36692
1.21312|52.36427
1.21198|52.36414
1.21147|52.36412
1.21102|52.36412
1.20999|52.36417
1.20189|52.36496
1.20013|52.36508
1.19807|52.36515
1.19137|52.36515
1.19018|52.3651
1.18939|52.36503
1.18818|52.36483
1.18119|52.36326
1.18053|52.36314
1.18007|52.36308
1.17943|52.36305
1.17907|52.36305
1.17505|52.36324
1.17397|52.36325
1.16853|52.36305
1.16842|52.36327
1.16839|52.36331
1.16834|52.36336
1.16821|52.36345
1.1682|52.36346
1.16797|52.36355
1.16796|52.36356
1.16732|52.36378
1.16712|52.36388
1.16659|52.36422
1.16658|52.36422
1.16618|52.36444
1.16615|52.36445
1.16583|52.36462
1.16578|52.36464
1.16525|52.36492
1.16418|52.36537
1.16371|52.36554
1.16323|52.3656
1.1629|52.36559
1.16219|52.36552
1.16143|52.3655
1.16113|52.36552
1.15946|52.3657
1.15849|52.36587
1.15795|52.36594
1.15758|52.36597
1.15703|52.36605
1.15681|52.3661
1.1567|52.36615
1.1565|52.36628
1.15664|52.36638
1.15831|52.36788
1.159|52.36837
1.15914|52.36848
1.15939|52.36864
1.15953|52.36875
1.15969|52.36886
1.15997|52.36912
1.15998|52.36912
1.16074|52.36979
1.16349|52.37232
1.16285|52.37258
1.16277|52.37262
1.16239|52.37277
1.16209|52.37287
1.16206|52.37289
1.16163|52.37298
1.16153|52.37298
1.16124|52.37301
1.16095|52.37301
1.16085|52.37302
1.15941|52.373
1.15925|52.37299
1.15857|52.37301
1.15836|52.37305
1.15809|52.37314
1.1571|52.37357
1.15704|52.37359
1.15663|52.37385
1.1566|52.37391
1.15658|52.37394
1.15648|52.37403
1.15608|52.37426
1.15531|52.37452
1.15529|52.37452
1.15432|52.3749
1.15427|52.37493
1.15424|52.37497
1.15421|52.375
1.1542|52.37505
1.15421|52.37513
1.15406|52.37527
1.15349|52.37536
1.14482|52.37697
1.14457|52.37699
1.14421|52.37676
1.14404|52.37669
1.1439|52.37665
1.14334|52.37664
1.14323|52.37661
1.14302|52.37648
1.14175|52.37534
1.14174|52.37532
1.14137|52.37482
1.14084|52.37429
1.14012|52.37349
1.14006|52.37345
1.13964|52.37312
1.1395|52.37303
1.13939|52.37298
1.13916|52.37291
1.13897|52.37291
1.1375|52.37304
1.1374|52.37306
1.1373|52.37306
1.13721|52.37305
1.13715|52.37316
1.13713|52.37327
1.13694|52.37507
1.13691|52.37514
1.13691|52.37515
1.13687|52.37525
1.13647|52.37606
1.13643|52.37624
1.13643|52.37723
1.13642|52.37726
1.1362|52.37849
1.13607|52.37875
1.136|52.37886
1.13583|52.37908
1.1358|52.37913
1.13579|52.37917
1.13579|52.37926
1.13582|52.3793
1.13585|52.37936
1.13598|52.37952
1.13598|52.3797
1.13596|52.37982
1.13594|52.37989
1.13592|52.37993
1.13588|52.37997
1.13584|52.38004
1.13575|52.38028
1.13573|52.38036
1.13573|52.3804
1.13572|52.38047
1.13548|52.38058
1.13528|52.38078
1.13507|52.38093
1.13497|52.38099
1.13494|52.38099
1.13492|52.381
1.13489|52.381
1.13487|52.38099
1.13482|52.38098
1.13437|52.3808
1.1336|52.38031
1.13318|52.38013
1.13266|52.37987
1.13232|52.37974
1.1295|52.37911
1.12897|52.37895
1.12804|52.37861
1.12803|52.37862
1.12735|52.37884
1.12734|52.37882
1.12716|52.37876
1.12426|52.3784
1.12351|52.37826
1.12326|52.37819
1.1227|52.37799
1.12233|52.37783
1.1223|52.37781
1.1216|52.3775
1.12084|52.37739
1.12071|52.37738
1.11918|52.37742
1.11847|52.37739
1.11804|52.37735
1.11722|52.37732
1.11636|52.37733
1.11589|52.3773
1.11569|52.37727
1.11471|52.37699
1.11445|52.37694
1.11435|52.37691
1.11401|52.37684
1.11345|52.37675
1.11285|52.37672
1.11152|52.37689
1.11128|52.37691
1.11032|52.3769
1.10985|52.37693
1.10969|52.37693
1.10979|52.37728
1.10983|52.37739
1.10983|52.37742
1.10984|52.37743
1.10985|52.37743
1.10992|52.37746
1.10994|52.37748
1.10995|52.37753
1.11003|52.37778
1.10991|52.37779