1.32862|52.75993
1.32824|52.7592
1.32812|52.75893
1.3281|52.75887
1.32812|52.75882
1.32813|52.75878
1.32791|52.7587
1.32789|52.75861
1.32785|52.75856
1.32781|52.75854
1.32782|52.75851
1.3278|52.75841
1.32762|52.75808
1.32749|52.7576
1.32748|52.7575
1.32748|52.75743
1.3275|52.7573
1.32754|52.75719
1.32755|52.75719
1.32767|52.75702
1.32782|52.75687
1.32786|52.75682
1.32802|52.75666
1.32868|52.75613
1.32977|52.75534
1.33082|52.75467
1.33131|52.7543
1.33135|52.75426
1.33197|52.75375
1.33221|52.75358
1.33281|52.75319
1.33296|52.75307
1.33308|52.75296
1.33317|52.75285
1.3334|52.75253
1.33353|52.75233
1.33383|52.75193
1.33389|52.75186
1.3339|52.75186
1.33395|52.75178
1.33414|52.75135
1.33426|52.75114
1.33497|52.75001
1.33536|52.74932
1.33544|52.74922
1.33549|52.74919
1.3356|52.74915
1.33559|52.74904
1.33563|52.74895
1.33594|52.74847
1.33614|52.74819
1.33616|52.74818
1.33617|52.74816
1.33678|52.74761
1.33682|52.74754
1.33682|52.74748
1.3368|52.74743
1.33675|52.74737
1.33665|52.74728
1.33626|52.74708
1.336|52.74696
1.33596|52.74695
1.33593|52.74692
1.33591|52.74689
1.33591|52.74685
1.33573|52.74683
1.33567|52.7468
1.33563|52.74679
1.33378|52.74584
1.33256|52.74514
1.332|52.74484
1.33175|52.74469
1.33164|52.7446
1.33158|52.74454
1.33155|52.7445
1.33152|52.74447
1.33129|52.74415
1.33126|52.74408
1.33126|52.74407
1.33117|52.74384
1.3311|52.74363
1.3309|52.74321
1.33045|52.74235
1.33043|52.7423
1.33036|52.74218
1.33028|52.74201
1.33021|52.74191
1.33017|52.74184
1.33008|52.74173
1.33001|52.74167
1.32987|52.74157
1.32983|52.74155
1.32962|52.74142
1.32961|52.74141
1.32939|52.7413
1.32699|52.73994
1.3267|52.73975
1.32637|52.73951
1.32577|52.73894
1.3255|52.73863
1.32538|52.73842
1.32524|52.7381
1.32519|52.73802
1.32512|52.73788
1.3251|52.73785
1.32508|52.73781
1.32501|52.73773
1.32432|52.73731
1.32393|52.73705
1.32392|52.73705
1.32173|52.73552
1.32147|52.7353
1.31948|52.73373
1.31944|52.73369
1.31903|52.73334
1.31843|52.73278
1.31829|52.73249
1.31823|52.73239
1.31816|52.73229
1.31795|52.73206
1.31721|52.73134
1.31671|52.73093
1.31593|52.73019
1.31578|52.7301
1.3155|52.73008
1.31392|52.73008
1.31356|52.73005
1.31306|52.72997
1.31149|52.72954
1.30923|52.72909
1.3087|52.72896
1.3084|52.72892
1.30838|52.72891
1.30814|52.72889
1.30786|52.72889
1.30737|52.72891
1.30723|52.7289
1.30709|52.72908
1.307|52.72923
1.30684|52.72956
1.30645|52.73067
1.30632|52.73093
1.30622|52.73109
1.3055|52.73198
1.30516|52.7325
1.30445|52.73382
1.30418|52.73424
1.30387|52.73465
1.30365|52.73498
1.30333|52.73555
1.30288|52.73653
1.3025|52.73721
1.30234|52.73721
1.29987|52.73748
1.29855|52.73767
1.2975|52.73779
1.29666|52.73784
1.29658|52.73785
1.29582|52.73781
1.2956|52.73778
1.29541|52.73774
1.2952|52.73771
1.29335|52.73729
1.29261|52.73715
1.29173|52.73693
1.29146|52.73688
1.29139|52.73686
1.29102|52.73683
1.29089|52.73684
1.29058|52.73689
1.29045|52.73692
1.29026|52.73698
1.29015|52.73731
1.29014|52.73733
1.29011|52.73751
1.29011|52.73769
1.28883|52.73749
1.28834|52.73744
1.28814|52.73743
1.28732|52.73744
1.28705|52.73746
1.28669|52.73747
1.28646|52.73746
1.28624|52.73742
1.28539|52.73715
1.28486|52.73695
1.28453|52.73675
1.284|52.73636
1.28334|52.73591
1.28301|52.73572
1.28267|52.73559
1.28236|52.73555
1.28226|52.73555
1.28213|52.73554
1.28171|52.73554
1.28151|52.73555
1.27752|52.73548
1.27687|52.73545
1.27666|52.73542
1.27643|52.73537
1.27591|52.73514
1.27482|52.73462
1.27438|52.73445
1.27401|52.73434
1.27396|52.73432
1.27046|52.73331
1.26998|52.73319
1.26989|52.73332
1.26988|52.73335
1.26871|52.73524
1.26852|52.73549
1.26839|52.73564
1.26692|52.7371
1.26659|52.73745
1.26658|52.73745
1.26586|52.73826
1.26557|52.73866
1.26535|52.73902
1.26534|52.73903
1.26497|52.73961
1.26454|52.74013
1.26351|52.74113
1.26327|52.74139
1.26305|52.74167
1.26294|52.74183
1.26287|52.74197
1.26286|52.74198
1.2628|52.74211
1.26268|52.74246
1.2626|52.74276
1.26253|52.74311
1.26248|52.74347
1.26242|52.7438
1.26234|52.7441
1.26214|52.74474
1.26141|52.74736
1.26095|52.74865
1.26084|52.749
1.26083|52.74901
1.26077|52.74928
1.2606|52.75096
1.26054|52.75136
1.26048|52.75159
1.26039|52.75183
1.26017|52.75231
1.26|52.7526
1.25969|52.75308
1.25968|52.75309
1.25907|52.75405
1.25894|52.75431
1.25885|52.75458
1.25875|52.75496
1.25869|52.75532
1.25826|52.75878
1.25818|52.75919
1.25789|52.76019
1.25781|52.76055
1.25776|52.76089
1.25766|52.76211
1.25764|52.76226
1.25761|52.7624
1.25756|52.76257
1.25755|52.76258
1.25749|52.76277
1.25745|52.76287
1.2572|52.76333
1.25705|52.76355
1.25674|52.76408
1.25672|52.7641
1.25651|52.76456
1.25639|52.76491
1.25607|52.76607
1.25607|52.76608
1.25594|52.76653
1.25593|52.7666
1.25585|52.76693
1.2558|52.76736
1.25579|52.76774
1.25583|52.76821
1.25591|52.76858
1.25602|52.76893
1.25611|52.76917
1.25555|52.76929
1.25524|52.76927
1.25519|52.76926
1.25504|52.76925
1.25492|52.76925
1.25381|52.7694
1.25174|52.76946
1.25085|52.76945
1.25018|52.76942
1.24896|52.76947
1.24893|52.76948
1.24792|52.76952
1.24747|52.76952
1.24743|52.76951
1.246|52.76948
1.24528|52.76944
1.24476|52.76936
1.24221|52.76889
1.2415|52.76878
1.23992|52.7687
1.23976|52.7687
1.23869|52.76861
1.23865|52.7686
1.23842|52.76858
1.23818|52.76853
1.23482|52.76736
1.23132|52.7662
1.23089|52.76604
1.23037|52.76587
1.2303|52.76584
1.2273|52.7648
1.22728|52.76479
1.22603|52.76436
1.22598|52.76435
1.22418|52.76372
1.22411|52.76369
1.22237|52.7631
1.22236|52.76309
1.21924|52.76206
1.21898|52.76199
1.21894|52.76197
1.21891|52.76194
1.21581|52.76216
1.21421|52.76223
1.21108|52.76244
1.21096|52.76244
1.2102|52.76252
1.19607|52.76481
1.19584|52.76479
1.18936|52.76366
1.18902|52.76359
1.18647|52.76316
1.18592|52.76305
1.18585|52.76307
1.18582|52.76309
1.18577|52.76317
1.18575|52.76322
1.18574|52.76327
1.18572|52.76333
1.18566|52.76357
1.18565|52.76363
1.18563|52.76369
1.18559|52.76388
1.18557|52.76393
1.18556|52.76397
1.18554|52.76399
1.18548|52.76403
1.18545|52.76404
1.18541|52.76406
1.1853|52.76406
1.18524|52.76407
1.18513|52.76407
1.18506|52.76408
1.18417|52.76414
1.18402|52.76416
1.18361|52.76418
1.18272|52.76417
1.18241|52.76419
1.18232|52.76428
1.18126|52.7643
1.18115|52.76428
1.17943|52.76409
1.17938|52.76408
1.17933|52.76408
1.17902|52.76405
1.17886|52.76405
1.17876|52.76407
1.17864|52.76411
1.17859|52.76414
1.17854|52.76416
1.17847|52.76421
1.1784|52.76428
1.17833|52.76433
1.17826|52.76439
1.17803|52.76462
1.17798|52.7647
1.17775|52.765
1.17769|52.76505
1.17758|52.76516
1.17743|52.76529
1.1771|52.7655
1.1771|52.76551
1.177|52.76558
1.17691|52.76567
1.17677|52.76585
1.17668|52.766
1.17651|52.76621
1.17642|52.76627
1.17629|52.76631
1.17611|52.76633
1.17574|52.76632
1.17557|52.7663
1.17512|52.76629
1.17503|52.76631
1.17478|52.7664
1.17457|52.76652
1.17448|52.76658
1.17444|52.7666
1.17382|52.76704
1.17304|52.76748
1.17303|52.76748
1.17288|52.76756
1.17274|52.76765
1.17214|52.76808
1.17166|52.76835
1.17115|52.76859
1.17054|52.76881
1.17049|52.76886
1.17045|52.76894
1.17017|52.76894
1.16954|52.76901
1.16813|52.76924
1.16753|52.76939
1.16649|52.7696
1.16621|52.76967
1.16613|52.76968
1.16585|52.76976
1.16492|52.77013
1.16415|52.77048
1.16384|52.77056
1.16262|52.77069
1.16245|52.7707
1.16205|52.7708
1.1619|52.77086
1.16153|52.77112
1.16146|52.7712
1.16144|52.77123
1.16132|52.77137
1.16125|52.77147
1.1612|52.77153
1.16111|52.77162
1.16103|52.77167
1.161|52.7717
1.16073|52.77186
1.16022|52.77213
1.15997|52.77223
1.15993|52.77224
1.15982|52.77229
1.15981|52.77229
1.15973|52.77233
1.15963|52.77236
1.15934|52.77233
1.15933|52.77232
1.15917|52.77231
1.159|52.77231
1.15885|52.77232
1.1566|52.77261
1.15608|52.77265
1.15602|52.77266
1.15596|52.77266
1.15571|52.77268
1.15559|52.7727
1.15546|52.7727
1.15476|52.77276
1.15465|52.77276
1.15401|52.77283
1.15372|52.77289
1.15368|52.77289
1.15349|52.77294
1.15311|52.773
1.1523|52.77306
1.15154|52.77321
1.15129|52.77323
1.15119|52.77323
1.15087|52.77321
1.15074|52.77324
1.15069|52.77327
1.15064|52.77332
1.15061|52.77336
1.15054|52.77348
1.15041|52.77362
1.1503|52.77368
1.15028|52.7737
1.15018|52.77374
1.15007|52.77377
1.15005|52.77377
1.14985|52.77381
1.14887|52.77386
1.14882|52.77387
1.14659|52.77399
1.1463|52.77402
1.14528|52.77407
1.14328|52.77424
1.14317|52.77424
1.14121|52.7745
1.14072|52.77454
1.14068|52.77455
1.13766|52.77471
1.13732|52.77474
1.13698|52.77479
1.13686|52.77482
1.1367|52.77484
1.13667|52.77484
1.13652|52.77487
1.13627|52.7749
1.13595|52.77491
1.13559|52.77489
1.13541|52.77487
1.13315|52.77497
1.13173|52.77497
1.13113|52.775
1.13026|52.77508
1.13003|52.77509
1.12931|52.77519
1.12887|52.77523
1.12882|52.77526
1.1288|52.77528
1.12854|52.7754
1.12845|52.7755
1.12838|52.77568
1.12873|52.77627
1.12932|52.77706
1.12984|52.77783
1.13036|52.77846
1.1306|52.77879
1.13099|52.77924
1.13147|52.77986
1.13151|52.77992
1.13185|52.7803
1.13302|52.78139
1.13394|52.78236
1.13398|52.78242
1.13454|52.7829
1.13468|52.783
1.13505|52.78321
1.13511|52.78325
1.13565|52.78353
1.13573|52.78356
1.13579|52.78357
1.13581|52.78358
1.13603|52.7836
1.13627|52.7836
1.13661|52.78358
1.13686|52.78358
1.137|52.78359
1.13729|52.78363
1.13753|52.78369
1.13768|52.78374
1.13778|52.7838
1.13781|52.78381
1.13783|52.78381
1.13788|52.78382
1.13801|52.78389
1.13874|52.78414
1.139|52.78425
1.1391|52.78431
1.13918|52.78437
1.13921|52.78441
1.13927|52.78451
1.13933|52.78481
1.13933|52.78492
1.13932|52.78496
1.13931|52.78497
1.1393|52.78502
1.13927|52.78507
1.1392|52.78516
1.13916|52.7852
1.13908|52.78526
1.13905|52.78527
1.13901|52.7853
1.13848|52.78558
1.13845|52.78561
1.13837|52.78567
1.13832|52.78574
1.13822|52.78585
1.13812|52.78601
1.13809|52.78607
1.13807|52.7861
1.13807|52.78623
1.13808|52.78625
1.13808|52.78627
1.1381|52.78629
1.13811|52.78631
1.13812|52.78632
1.13814|52.78635
1.13852|52.78668
1.13861|52.78679
1.13864|52.78685
1.13865|52.78686
1.13866|52.78692
1.13865|52.78698
1.13861|52.7871
1.13851|52.78729
1.13846|52.78737
1.13834|52.78753
1.13822|52.78766
1.13811|52.78776
1.13788|52.78789
1.13779|52.78796
1.1376|52.78815
1.1375|52.78827
1.13739|52.78838
1.13729|52.78845
1.13708|52.78857
1.13598|52.78896
1.13573|52.78913
1.13569|52.78917
1.13565|52.7892
1.13557|52.7893
1.13537|52.7896
1.13527|52.78973
1.13514|52.78987
1.13477|52.79015
1.1346|52.7903
1.13452|52.79036
1.13428|52.79059
1.13407|52.79085
1.13404|52.79092
1.13401|52.79097
1.13399|52.79102
1.13267|52.7961
1.13267|52.79611
1.13261|52.79645
1.13259|52.79665
1.13248|52.79858
1.12607|52.80085
1.12606|52.80085
1.1258|52.80094
1.12578|52.80094
1.12559|52.801
1.12136|52.80189
1.12134|52.8019
1.11325|52.80367
1.11259|52.80388
1.11213|52.80401
1.11149|52.80412
1.11074|52.80421
1.11025|52.80429
1.10916|52.80451
1.10891|52.80455
1.10847|52.80459
1.10619|52.80466
1.10558|52.80466
1.10549|52.80465
1.10456|52.80461
1.10418|52.80462
1.10376|52.80467
1.10372|52.80467
1.10333|52.80472
1.10288|52.80475
1.10195|52.80478
1.10137|52.80484
1.10051|52.805
1.10032|52.80502
1.10012|52.80429
1.10008|52.80404
1.10005|52.80376
1.09998|52.80343
1.09959|52.80246
1.09956|52.8024
1.09945|52.80182
1.09937|52.80157
1.09936|52.80152
1.09923|52.8012
1.0989|52.80055
1.09883|52.80036
1.09932|52.80029
1.09959|52.80024
1.09981|52.80018
1.09991|52.80016
1.09996|52.80013
1.10005|52.8001
1.10021|52.80002
1.10032|52.79993
1.10037|52.79987
1.10068|52.79956
1.10088|52.7994
1.10195|52.79872
1.10278|52.79814
1.10318|52.79795
1.10358|52.79781
1.10519|52.79746
1.10566|52.79731
1.10602|52.79716
1.10627|52.79704
1.10674|52.79676
1.10682|52.79669
1.10705|52.79653
1.10774|52.79591
1.10839|52.79537
1.10851|52.79522
1.10848|52.79498
1.10804|52.79451
1.10801|52.79447
1.108|52.79444
1.10803|52.79436
1.10807|52.79431
1.10811|52.79428
1.10815|52.79426
1.10827|52.79422
1.10854|52.79418
1.1099|52.79406
1.11077|52.79385
1.11253|52.79334
1.11341|52.79304
1.11355|52.79297
1.11377|52.79289
1.11531|52.7922
1.11658|52.79153
1.11671|52.79145
1.11687|52.79132
1.11699|52.79121
1.11718|52.79101
1.11739|52.79072
1.11743|52.79063
1.11746|52.79052
1.1175|52.7903
1.11756|52.78961
1.11759|52.78944
1.11765|52.7892
1.11771|52.78909
1.11796|52.78871
1.11807|52.78852
1.11812|52.78839
1.11813|52.7883
1.11813|52.78822
1.11812|52.78811
1.11797|52.78743
1.11782|52.78701
1.1177|52.78673
1.11769|52.78667
1.1177|52.78662
1.11777|52.78655
1.11785|52.78649
1.11786|52.78649
1.11796|52.78645
1.11854|52.78627
1.11878|52.78616
1.11893|52.78608
1.11904|52.78599
1.11929|52.78572
1.11939|52.78558
1.11957|52.78541
1.11962|52.78535
1.11976|52.78521
1.11977|52.78519
1.11997|52.78496
1.12017|52.78479
1.12028|52.78472
1.12069|52.78453
1.12085|52.78442
1.12114|52.78417
1.12131|52.78397
1.12138|52.78385
1.12141|52.78376
1.12142|52.78349
1.1214|52.78338
1.12124|52.78277
1.12116|52.78266
1.12107|52.78265
1.12102|52.78265
1.1208|52.78261
1.12073|52.78261
1.12061|52.78259
1.12043|52.78253
1.12033|52.78247
1.12028|52.78243
1.12023|52.78237
1.12019|52.78231
1.1201|52.7822
1.12|52.7821
1.11991|52.78203
1.11981|52.78197
1.11974|52.78192
1.11949|52.78177
1.11945|52.7817
1.11945|52.78163
1.11946|52.7816
1.11948|52.78156
1.1195|52.78153
1.11956|52.78147
1.1196|52.78145
1.11963|52.78141
1.11968|52.78138
1.11974|52.78133
1.11983|52.78124
1.11987|52.78114
1.11989|52.78105
1.11989|52.78097
1.11986|52.78086
1.11986|52.7808
1.11984|52.78073
1.11981|52.78052
1.11981|52.78032
1.11979|52.78018
1.11979|52.77975
1.11977|52.77948
1.1198|52.77922
1.11983|52.77877
1.11987|52.7786
1.1199|52.77822
1.1199|52.77811
1.11991|52.77802
1.11986|52.77763
1.1198|52.77739
1.11973|52.77719
1.11971|52.77711
1.11957|52.77681
1.11953|52.77669
1.11939|52.77642
1.11927|52.77611
1.11919|52.77594
1.11902|52.77544
1.11896|52.77518
1.11893|52.775
1.11886|52.77479
1.11871|52.77441
1.11852|52.77407
1.11816|52.77354
1.11799|52.77324
1.11792|52.77306
1.11781|52.77267
1.11771|52.77191
1.11767|52.77148
1.11763|52.77127
1.11746|52.77092
1.11734|52.77076
1.11727|52.77065
1.11656|52.76996
1.11634|52.76971
1.11599|52.76922
1.11566|52.76882
1.11562|52.76876
1.11559|52.76867
1.11556|52.76853
1.11556|52.76839
1.11572|52.76802
1.11548|52.76797
1.11527|52.76789
1.11495|52.76774
1.11484|52.76768
1.11448|52.76741
1.11475|52.76723
1.11471|52.76712
1.1147|52.76703
1.11467|52.76692
1.1146|52.76672
1.11456|52.76665
1.11438|52.76638
1.11438|52.76637
1.11436|52.7663
1.11435|52.76621
1.11435|52.76613
1.11436|52.76605
1.11433|52.76585
1.11433|52.76571
1.11418|52.7651
1.11401|52.76478
1.11396|52.7647
1.11365|52.76436
1.1135|52.76417
1.11332|52.76398
1.11331|52.76398
1.11332|52.76398
1.1135|52.76417
1.11365|52.76436
1.11396|52.7647
1.11401|52.76478
1.11418|52.7651
1.11433|52.76571
1.11433|52.76585
1.11436|52.76605
1.11435|52.76613
1.11435|52.76621
1.11436|52.7663
1.11438|52.76637
1.11438|52.76638
1.11456|52.76665
1.1146|52.76672
1.11467|52.76692
1.1147|52.76703
1.11471|52.76712
1.11475|52.76723
1.11448|52.76741
1.11484|52.76768
1.11495|52.76774
1.11527|52.76789
1.11548|52.76797
1.11572|52.76802
1.11566|52.76816
1.11542|52.76821
1.11538|52.76821
1.11195|52.76874
1.11|52.76908
1.10657|52.76952
1.10436|52.76964
1.10168|52.76968
1.09797|52.76954
1.09626|52.76952
1.09232|52.7694
1.09114|52.76941
1.08942|52.76948
1.08728|52.76967
1.0858|52.76989
1.08109|52.77091
1.07776|52.77168
1.07774|52.77169
1.07446|52.77244
1.0744|52.77246
1.0728|52.77284
1.07277|52.77284
1.06417|52.77479
1.0641|52.7748
1.06231|52.77519
1.05952|52.77562
1.05698|52.77589
1.05639|52.77593
1.05635|52.77594
1.0558|52.77597
1.05553|52.77597
1.05521|52.77595
1.0549|52.77591
1.05463|52.77585
1.05415|52.7757
1.05397|52.77562
1.05359|52.77541
1.0534|52.77528
1.05322|52.77514
1.05306|52.775
1.05292|52.77482
1.05275|52.7745
1.05266|52.77435
1.05266|52.77426
1.05265|52.77417
1.05263|52.77407
1.05262|52.77384
1.05263|52.77372
1.05276|52.77332
1.05288|52.77311
1.05328|52.77268
1.05331|52.77264
1.05405|52.7719
1.05468|52.77136
1.05526|52.77089
1.05572|52.77057
1.05781|52.76939
1.05874|52.76896
1.05944|52.76868
1.06028|52.76838
1.0616|52.76797
1.06028|52.76838
1.05944|52.76868
1.05874|52.76896
1.05781|52.76939
1.05572|52.77057
1.05526|52.77089
1.05468|52.77136
1.05405|52.7719
1.05331|52.77264
1.05328|52.77268
1.05288|52.77311
1.05276|52.77332
1.05263|52.77372
1.05262|52.77384
1.05263|52.77407
1.05265|52.77417
1.05266|52.77426
1.05255|52.77431
1.05224|52.77441
1.05011|52.77474
1.04978|52.77474
1.04967|52.77473
1.04953|52.7747
1.04928|52.77462
1.04927|52.77461
1.04904|52.77454
1.04844|52.77441
1.04835|52.7744
1.04798|52.77439
1.04786|52.77441
1.04772|52.77445
1.04759|52.7745
1.04731|52.77467
1.04734|52.77449
1.04725|52.77413
1.04714|52.77391
1.04673|52.77321
1.046|52.77249
1.04451|52.77131
1.04435|52.7712
1.04424|52.77118
1.04412|52.77117
1.04319|52.77123
1.04287|52.77123
1.04282|52.77124
1.04271|52.77121
1.04263|52.77115
1.04256|52.77089
1.04244|52.77069
1.04192|52.77002
1.04157|52.76964
1.04128|52.76929
1.04116|52.76913
1.04095|52.76879
1.04088|52.76871
1.04071|52.76861
1.04053|52.76859
1.04051|52.76858
1.04012|52.76854
1.03983|52.76849
1.03951|52.76838
1.03927|52.76826
1.03892|52.768
1.03866|52.76778
1.03859|52.76773
1.03767|52.76688
1.03557|52.76505
1.03506|52.76454
1.03498|52.7645
1.03492|52.76445
1.03491|52.76445
1.03468|52.76436
1.03409|52.76417
1.03375|52.76393
1.03373|52.76392
1.03263|52.76313
1.03257|52.7631
1.03241|52.76298
1.0309|52.76195
1.03046|52.76169
1.03034|52.76163
1.02992|52.76138
1.02991|52.76138
1.02926|52.76101
1.02903|52.76086
1.02874|52.76059
1.02865|52.76047
1.02852|52.76024
1.02851|52.76023
1.02769|52.75875
1.0275|52.75855
1.0268|52.758
1.02561|52.757
1.02558|52.75693
1.02558|52.75684
1.02561|52.75678
1.02562|52.75674
1.02571|52.75661
1.02573|52.75651
1.02574|52.75634
1.02572|52.75603
1.02565|52.75558
1.02561|52.75547
1.02548|52.75535
1.02531|52.75525
1.02509|52.75519
1.02485|52.75516
1.02419|52.75518
1.02411|52.75516
1.02384|52.75499
1.0237|52.75494
1.02322|52.75487
1.02149|52.7545
1.02103|52.75438
1.02086|52.75436
1.02076|52.75436
1.02061|52.75438
1.01978|52.75457
1.01971|52.75458
1.01938|52.7547
1.01927|52.75476
1.0191|52.75462
1.01864|52.75419
1.01843|52.75397
1.0182|52.75376
1.01747|52.75321
1.0175|52.75314
1.01781|52.75223
1.01788|52.75213
1.01815|52.75147
1.01816|52.75142
1.01835|52.75096
1.01836|52.75092
1.01855|52.75043
1.01867|52.75008
1.01874|52.74982
1.01876|52.74968
1.01915|52.74874
1.01938|52.74833
1.01989|52.74759
1.02031|52.74709
1.02106|52.74636
1.02168|52.74589
1.02238|52.74543
1.02324|52.74495
1.02444|52.7444
1.02538|52.74404
1.02676|52.74365
1.02911|52.74312
1.03262|52.74239
1.03328|52.74221
1.03319|52.7421
1.03309|52.74192
1.033|52.7417
1.03294|52.74138
1.03287|52.74062
1.03276|52.73994
1.03272|52.7398
1.03269|52.7396
1.03246|52.73904
1.03232|52.73879
1.0321|52.73844
1.03192|52.7381
1.03171|52.73774
1.03113|52.73685
1.03075|52.73619
1.03067|52.73601
1.03057|52.73575
1.03053|52.73556
1.03051|52.73535
1.03052|52.73509
1.03082|52.73267
1.03082|52.73262
1.03091|52.73201
1.03114|52.73009
1.0316|52.72672
1.03172|52.72615
1.03173|52.72614
1.03178|52.72602
1.03189|52.72581
1.03238|52.7252
1.03246|52.72506
1.03251|52.72499
1.03261|52.72482
1.03265|52.72477
1.03284|52.72443
1.03289|52.72431
1.03308|52.72393
1.0331|52.72386
1.03314|52.72378
1.03273|52.72369
1.0317|52.72356
1.03046|52.72335
1.02984|52.72329
1.02882|52.72334
1.0282|52.72343
1.02814|52.72343
1.02786|52.72348
1.02688|52.72361
1.02623|52.72363
1.02447|52.72373
1.02374|52.72379
1.02285|52.72381
1.02212|52.72379
1.02211|52.72378
1.02083|52.72364
1.02038|52.72361
1.02018|52.72362
1.01999|52.72365
1.01977|52.7237
1.01904|52.72396
1.01903|52.72397
1.01829|52.72426
1.01811|52.72432
1.01774|52.72438
1.01745|52.72441
1.01739|52.72441
1.01686|52.72446
1.01684|52.72447
1.0154|52.72462
1.01539|52.72463
1.01478|52.7247
1.01418|52.7248
1.0138|52.72484
1.013|52.72481
1.01271|52.72484
1.01267|52.72484
1.01249|52.72489
1.0122|52.72502
1.01198|52.72514
1.0115|52.72535
1.01198|52.72514
1.0122|52.72502
1.01249|52.72489
1.01267|52.72484
1.01271|52.72484
1.013|52.72481
1.0138|52.72484
1.01418|52.7248
1.01478|52.7247
1.01539|52.72463
1.0154|52.72462
1.01684|52.72447
1.01686|52.72446
1.01739|52.72441
1.01745|52.72441
1.01774|52.72438
1.01811|52.72432
1.01829|52.72426
1.01903|52.72397
1.01904|52.72396
1.01977|52.7237
1.01999|52.72365
1.02018|52.72362
1.02038|52.72361
1.02083|52.72364
1.02211|52.72378
1.02212|52.72379
1.02285|52.72381
1.02374|52.72379
1.02447|52.72373
1.02623|52.72363
1.02688|52.72361
1.02786|52.72348
1.02814|52.72343
1.0282|52.72343
1.02882|52.72334
1.02984|52.72329
1.03046|52.72335
1.0317|52.72356
1.03273|52.72369
1.03314|52.72378
1.03351|52.72389
1.03521|52.72427
1.03645|52.72458
1.03718|52.72473
1.04027|52.72547
1.04056|52.7256
1.04073|52.72572
1.0411|52.72602
1.04133|52.72619
1.0416|52.72642
1.04183|52.72659
1.04184|52.7266
1.04219|52.72684
1.04258|52.72715
1.04271|52.72727
1.04288|52.72739
1.0437|52.72772
1.0439|52.72778
1.04492|52.72816
1.04496|52.72818
1.0464|52.72872
1.04658|52.72876
1.04714|52.72885
1.04716|52.72885
1.04758|52.72893
1.04768|52.72894
1.0493|52.72934
1.04936|52.72935
1.05006|52.72952
1.05017|52.72957
1.05021|52.7296
1.05023|52.72963
1.05024|52.72968
1.05021|52.72977
1.05015|52.72988
1.0501|52.73
1.05009|52.73005
1.0501|52.73009
1.0501|52.73017
1.05017|52.73036
1.05017|52.73037
1.0507|52.73137
1.0508|52.7316
1.05085|52.73174
1.05096|52.73198
1.05135|52.73295
1.05136|52.73296
1.05143|52.7331
1.05206|52.73384
1.05217|52.73395
1.05231|52.73405
1.0524|52.73414
1.05253|52.73417
1.05286|52.73432
1.05344|52.73463
1.05376|52.73482
1.05387|52.73491
1.05424|52.73506
1.05481|52.73523
1.05549|52.73547
1.05576|52.73554
1.05611|52.73559
1.05648|52.73561
1.05682|52.7356
1.05733|52.73555
1.05874|52.73511
1.05942|52.73479
1.05987|52.73472
1.05998|52.73471
1.06011|52.73468
1.06088|52.73489
1.06118|52.73487
1.06174|52.73487
1.06218|52.73483
1.06419|52.73453
1.06466|52.73453
1.06525|52.73458
1.06536|52.73458
1.06565|52.7346
1.06684|52.73456
1.06714|52.7345
1.0673|52.73445
1.06746|52.73438
1.06759|52.73428
1.06768|52.73415
1.06774|52.73403
1.06774|52.73369
1.06783|52.73356
1.06823|52.73318
1.06876|52.73273
1.06991|52.7317
1.0701|52.73149
1.07011|52.73137
1.07207|52.73092
1.07282|52.73069
1.07417|52.73022
1.07467|52.73007
1.07425|52.72937
1.07312|52.72758
1.0728|52.72712
1.07169|52.72536
1.0715|52.72509
1.07059|52.72361
1.06922|52.72151
1.06894|52.72115
1.06835|52.72052
1.06825|52.72039
1.06812|52.72019
1.06797|52.71999
1.06788|52.7199
1.06771|52.7197
1.06669|52.71887
1.0665|52.71873
1.06628|52.71855
1.06623|52.71852
1.06614|52.71848
1.0659|52.7184
1.06522|52.71823
1.06503|52.7182
1.0648|52.71815
1.06452|52.71811
1.06427|52.71809
1.06403|52.71805
1.06389|52.71801
1.06344|52.71782
1.06319|52.71775
1.06294|52.71773
1.06258|52.71777
1.06213|52.71788
1.06155|52.718
1.0614|52.71809
1.06127|52.71839
1.06123|52.71844
1.06116|52.71851
1.06088|52.71867
1.06055|52.71884
1.06014|52.71911
1.05951|52.71944
1.05912|52.71959
1.05841|52.7199
1.05741|52.72041
1.05673|52.71991
1.05612|52.71925
1.05595|52.71909
1.05584|52.71903
1.05568|52.71896
1.05372|52.71848
1.05288|52.71824
1.05258|52.71813
1.05235|52.71802
1.05193|52.71778
1.05175|52.71766
1.05167|52.71759
1.05146|52.71735
1.0513|52.71714
1.05111|52.71692
1.05055|52.71642
1.05036|52.71623
1.05007|52.71591
1.05004|52.71589
1.04982|52.71564
1.04933|52.71513
1.04844|52.71429
1.04839|52.71422
1.04835|52.71421
1.0483|52.71418
1.04808|52.714
1.04771|52.71379
1.04653|52.71321
1.04649|52.7132
1.0463|52.7131
1.0458|52.71289
1.04379|52.71222
1.04336|52.71205
1.04265|52.71184
1.04257|52.71181
1.0415|52.71166
1.04077|52.71153
1.03947|52.71138
1.03889|52.71134
1.03886|52.71133
1.03775|52.7113
1.03772|52.71118
1.03757|52.71096
1.03756|52.71095
1.03746|52.7108
1.03737|52.71063
1.03726|52.71045
1.03725|52.71042
1.03687|52.70988
1.03654|52.70945
1.03645|52.70929
1.03642|52.70921
1.03644|52.70908
1.03646|52.709
1.03645|52.70894
1.03645|52.70887
1.03641|52.70879
1.03639|52.70876
1.03625|52.70859
1.03567|52.70799
1.03607|52.70792
1.03655|52.70787
1.03815|52.70779
1.03924|52.70763
1.03987|52.70751
1.03988|52.7075
1.03994|52.70748
1.03999|52.70743
1.04002|52.70733
1.03992|52.70697
1.03983|52.70673
1.03973|52.70654
1.03969|52.70636
1.03964|52.70585
1.03953|52.70542
1.0395|52.70513
1.03949|52.70481
1.03947|52.70465
1.03939|52.70444
1.03896|52.70386
1.03857|52.70338
1.03903|52.70319
1.04121|52.7024
1.04294|52.70162
1.04341|52.70149
1.04398|52.70139
1.04467|52.70123
1.04503|52.70116
1.04603|52.70093
1.04618|52.70092
1.04629|52.7009
1.04747|52.70087
1.04774|52.70084
1.04822|52.70073
1.04847|52.70064
1.0488|52.70047
1.04983|52.69978
1.04991|52.69974
1.05013|52.6996
1.05099|52.69916
1.05238|52.6985
1.05297|52.69804
1.05317|52.69791
1.05339|52.69779
1.05355|52.69772
1.05496|52.69729
1.05534|52.69716
1.05597|52.6969
1.05644|52.69673
1.05651|52.69671
1.05657|52.6967
1.05661|52.6967
1.05664|52.69669
1.0576|52.69669
1.05846|52.69673
1.05942|52.69683
1.05993|52.6969
1.06009|52.6969
1.06226|52.6971
1.0652|52.69724
1.06601|52.6973
1.0664|52.69735
1.06668|52.6974
1.06824|52.6978
1.06879|52.69787
1.06919|52.69789
1.06987|52.6979
1.0701|52.69792
1.07008|52.69787
1.07008|52.69783
1.07015|52.69762
1.07029|52.69735
1.0703|52.6973
1.07052|52.69664
1.07089|52.69574
1.07089|52.69573
1.07113|52.69507
1.07114|52.69502
1.07114|52.69496
1.071|52.69431
1.07098|52.69395
1.07098|52.69382
1.071|52.69362
1.07107|52.69341
1.07193|52.69357
1.07229|52.69362
1.0748|52.69383
1.07554|52.69391
1.07597|52.69394
1.07609|52.69393
1.07625|52.6939
1.07638|52.69383
1.07712|52.69326
1.07782|52.69275
1.07811|52.6925
1.08028|52.69082
1.08036|52.69075
1.08141|52.68993
1.0814|52.68992
1.08124|52.68983
1.08102|52.68968
1.0808|52.6895
1.08047|52.68918
1.07893|52.68748
1.07891|52.68747
1.07877|52.68734
1.07875|52.68731
1.07852|52.6871
1.07764|52.6862
1.07741|52.68599
1.07694|52.68551
1.07651|52.68501
1.07634|52.68479
1.07615|52.68434
1.07609|52.68413
1.07608|52.68403
1.07606|52.68392
1.076|52.683
1.07596|52.68273
1.07592|52.68259
1.07581|52.68228
1.07563|52.68189
1.07554|52.68177
1.07534|52.68156
1.07522|52.68146
1.07469|52.68108
1.07418|52.68075
1.07331|52.68015
1.0724|52.67958
1.07217|52.67942
1.07201|52.67929
1.07163|52.67883
1.07129|52.67848
1.07018|52.67746
1.0698|52.67714
1.06948|52.67684
1.06947|52.67684
1.06931|52.67669
1.0692|52.6766
1.06837|52.67584
1.06833|52.67581
1.06816|52.67565
1.06812|52.6756
1.06757|52.6751
1.06563|52.6755
1.06441|52.67567
1.06405|52.6757
1.06393|52.67566
1.06384|52.67562
1.06375|52.67556
1.06365|52.67545
1.06358|52.67539
1.06354|52.67534
1.06345|52.67525
1.06371|52.67514
1.06478|52.67475
1.06527|52.67459
1.06598|52.6744
1.06663|52.67425
1.06717|52.67415
1.06808|52.67403
1.06852|52.67399
1.07003|52.6739
1.07196|52.67383
1.07338|52.67374
1.0739|52.67368
1.07491|52.67352
1.07519|52.67346
1.07532|52.67344
1.07635|52.67319
1.07731|52.67291
1.07944|52.67224
1.08074|52.67189
1.08166|52.67169
1.08574|52.671
1.08669|52.67082
1.08629|52.67033
1.08607|52.66999
1.08537|52.66841
1.08529|52.66825
1.08529|52.66823
1.08523|52.66806
1.08518|52.66788
1.08517|52.66787
1.08516|52.66755
1.08515|52.66752
1.08514|52.66723
1.08502|52.66707
1.08473|52.66688
1.08443|52.66665
1.0843|52.66652
1.0842|52.66639
1.08414|52.66629
1.0841|52.66619
1.08399|52.66571
1.08389|52.66556
1.08384|52.66551
1.08336|52.66517
1.08277|52.66472
1.08249|52.66444
1.08229|52.66421
1.08217|52.66404
1.08208|52.66385
1.08182|52.66316
1.08144|52.66231
1.08144|52.6623
1.08134|52.66211
1.08121|52.66192
1.07997|52.66034
1.08135|52.6601
1.08143|52.66008
1.08163|52.66005
1.08191|52.65999
1.082|52.65998
1.08257|52.65988
1.08295|52.65983
1.08514|52.65945
1.08521|52.65943
1.08851|52.65886
1.08906|52.65879
1.09163|52.65858
1.09263|52.65841
1.09301|52.65833
1.095|52.65799
1.09582|52.65792
1.09589|52.65792
1.09675|52.65786
1.09826|52.65786
1.10169|52.65798
1.10583|52.65804
1.10886|52.65816
1.10908|52.65818
1.10915|52.65818
1.10941|52.65822
1.11278|52.65887
1.11324|52.65893
1.11485|52.65907
1.11586|52.65913
1.11627|52.65914
1.11646|52.65912
1.11673|52.65905
1.11831|52.65845
1.11838|52.65843
1.11842|52.65843
1.11843|52.65844
1.11844|52.65844
1.11844|52.65843
1.11864|52.65838
1.11894|52.65834
1.11903|52.65835
1.11917|52.65839
1.11918|52.65841
1.11919|52.65842
1.1192|52.65844
1.11921|52.65845
1.11923|52.65846
1.11926|52.65849
1.1193|52.65851
1.11932|52.65851
1.11937|52.65853
1.11939|52.65853
1.11944|52.65854
1.11954|52.65854
1.11957|52.65853
1.11959|52.65853
1.11964|52.65851
1.11966|52.65851
1.1197|52.65849
1.1197|52.65848
1.11977|52.65846
1.11979|52.65844
1.11981|52.65843
1.11985|52.6584
1.11996|52.65834
1.12073|52.65802
1.12075|52.65802
1.12081|52.65795
1.12118|52.65784
1.12195|52.65764
1.1235|52.65729
1.12402|52.65719
1.1235|52.65729
1.12195|52.65764
1.12118|52.65784
1.12081|52.65795
1.12067|52.65794
1.11983|52.65818
1.1196|52.65818
1.11959|52.65817
1.11954|52.65817
1.11952|52.65816
1.11944|52.65816
1.11942|52.65817
1.11937|52.65817
1.11931|52.6582
1.11915|52.65821
1.11904|52.65823
1.11892|52.65824
1.11867|52.6583
1.11842|52.65838
1.11841|52.65839
1.1184|52.65839
1.1184|52.6584
1.11838|52.65843
1.11831|52.65845
1.11673|52.65905
1.11646|52.65912
1.11627|52.65914
1.11586|52.65913
1.11485|52.65907
1.11324|52.65893
1.11278|52.65887
1.10941|52.65822
1.10915|52.65818
1.10908|52.65818
1.109|52.65781
1.10892|52.65755
1.10882|52.6573
1.10881|52.65729
1.1087|52.65704
1.10864|52.65677
1.10863|52.65675
1.10861|52.65659
1.1085|52.65605
1.10833|52.65552
1.10833|52.65551
1.10828|52.65526
1.1082|52.65474
1.10816|52.65431
1.10805|52.65414
1.10786|52.65396
1.10775|52.6539
1.10767|52.65389
1.10752|52.6539
1.10725|52.65394
1.10495|52.65388
1.10456|52.65382
1.10345|52.65357
1.10395|52.65312
1.10416|52.65291
1.10491|52.65209
1.10532|52.65161
1.10667|52.64984
1.10678|52.64974
1.10687|52.64967
1.10691|52.64963
1.10846|52.64875
1.10867|52.64855
1.10914|52.64804
1.10985|52.64722
1.1098|52.64716
1.10976|52.64705
1.10962|52.6462
1.10961|52.64618
1.10952|52.64587
1.10928|52.64528
1.1092|52.64511
1.10909|52.64502
1.10898|52.64498
1.10872|52.64497
1.10836|52.64498
1.10829|52.64496
1.10827|52.64494
1.10824|52.64487
1.10823|52.64429
1.10802|52.64333
1.10792|52.64275
1.10753|52.64111
1.10739|52.64107
1.1068|52.64085
1.1063|52.64061
1.10621|52.64055
1.10538|52.64009
1.10487|52.63989
1.10454|52.63982
1.10396|52.63976
1.10327|52.63972
1.10249|52.63973
1.10134|52.63967
1.09889|52.63938
1.09801|52.6393
1.09721|52.63932
1.09669|52.63937
1.09651|52.63937
1.09638|52.63935
1.09574|52.63921
1.09567|52.6392
1.09545|52.63915
1.09539|52.63915
1.09532|52.63914
1.09411|52.63923
1.09409|52.63924
1.09368|52.63931
1.09292|52.63935
1.09271|52.63935
1.09229|52.63937
1.09199|52.6394
1.09182|52.63943
1.09109|52.6396
1.09085|52.63964
1.09075|52.63965
1.09066|52.63964
1.09063|52.63963
1.08952|52.63938
1.08926|52.63931
1.08909|52.63928
1.08825|52.63899
1.0879|52.63889
1.08768|52.63887
1.08756|52.63887
1.08747|52.63889
1.08739|52.6389
1.08657|52.63912
1.08628|52.63917
1.08625|52.63917
1.08539|52.63928
1.08471|52.63769
1.08462|52.63745
1.08454|52.63728
1.0845|52.63724
1.08447|52.6372
1.08445|52.63718
1.08442|52.63716
1.08438|52.63712
1.08432|52.63708
1.08425|52.63705
1.08408|52.637
1.08393|52.63697
1.08169|52.63663
1.08167|52.63663
1.08147|52.63658
1.08127|52.63649
1.08018|52.63575
1.08017|52.63575
1.08|52.63563
1.07934|52.63512
1.07888|52.63472
1.07853|52.63433
1.07811|52.63379
1.07807|52.63372
1.07791|52.63352
1.07779|52.63333
1.07762|52.63309
1.07742|52.63278
1.07733|52.63262
1.07732|52.63257
1.07728|52.63248
1.07726|52.63239
1.07718|52.63215
1.07717|52.63209
1.07707|52.63177
1.07697|52.63156
1.07685|52.63136
1.07674|52.63123
1.07651|52.631
1.07638|52.63089
1.0762|52.63076
1.07511|52.63006
1.07485|52.62984
1.0747|52.6297
1.07448|52.62941
1.0729|52.6269
1.07197|52.62536
1.07181|52.62512
1.07177|52.62507
1.07173|52.62503
1.07158|52.62493
1.0714|52.62496
1.06998|52.62506
1.06926|52.62514
1.06885|52.62521
1.06831|52.62535
1.06771|52.62555
1.06742|52.6256
1.06618|52.6257
1.06593|52.62575
1.06578|52.62581
1.06519|52.62601
1.06454|52.62614
1.06385|52.62625
1.06356|52.62631
1.06329|52.62638
1.06273|52.6266
1.06251|52.62673
1.06225|52.62692
1.06192|52.62719
1.06173|52.62736
1.06212|52.62863
1.06223|52.62906
1.06134|52.62923
1.06091|52.62933
1.0609|52.62934
1.06052|52.62945
1.05992|52.62969
1.05978|52.62976
1.05726|52.63081
1.05701|52.63089
1.05726|52.63081
1.05978|52.62976
1.05992|52.62969
1.06052|52.62945
1.0609|52.62934
1.06091|52.62933
1.06134|52.62923
1.06223|52.62906
1.06212|52.62863
1.06173|52.62736
1.06192|52.62719
1.06225|52.62692
1.06251|52.62673
1.06273|52.6266
1.06329|52.62638
1.06356|52.62631
1.06385|52.62625
1.06454|52.62614
1.06519|52.62601
1.06578|52.62581
1.06593|52.62575
1.06618|52.6257
1.06742|52.6256
1.06771|52.62555
1.06831|52.62535
1.06885|52.62521
1.06926|52.62514
1.06998|52.62506
1.0714|52.62496
1.07158|52.62493
1.07173|52.62503
1.07177|52.62507
1.07181|52.62512
1.07197|52.62536
1.0729|52.6269
1.07448|52.62941
1.0747|52.6297
1.07448|52.62941
1.0729|52.6269
1.07197|52.62536
1.07181|52.62512
1.07177|52.62507
1.07173|52.62503
1.07158|52.62493
1.07077|52.62416
1.07044|52.62388
1.07042|52.62387
1.06981|52.62341
1.06945|52.62311
1.0691|52.62284
1.06865|52.62245
1.06845|52.62224
1.06834|52.6221
1.06776|52.62115
1.06731|52.62049
1.06853|52.62025
1.06948|52.62009
1.0695|52.62009
1.06961|52.62007
1.07|52.62005
1.07096|52.62006
1.07108|52.62004
1.07127|52.61999
1.07136|52.61995
1.07143|52.61991
1.07147|52.61988
1.07151|52.61984
1.07156|52.61976
1.07158|52.61968
1.07163|52.61955
1.07171|52.61942
1.07185|52.61928
1.07198|52.61919
1.07258|52.61885
1.07338|52.61846
1.07341|52.61845
1.07406|52.61815
1.07473|52.61789
1.07568|52.61748
1.07627|52.61718
1.07657|52.61699
1.07673|52.61687
1.07693|52.6167
1.07713|52.61647
1.07781|52.61557
1.07877|52.61415
1.07877|52.61414
1.07973|52.61259
1.08033|52.61155
1.08065|52.61111
1.08081|52.6112
1.08083|52.61109
1.08087|52.61099
1.0809|52.61088
1.08122|52.61063
1.08262|52.60941
1.0828|52.60927
1.08373|52.60846
1.08386|52.60836
1.08419|52.60817
1.08433|52.6081
1.08502|52.60781
1.08569|52.60756
1.08829|52.60647
1.08832|52.60645
1.09118|52.60517
1.09131|52.6051
1.09228|52.60465
1.09315|52.60421
1.0936|52.60396
1.09453|52.6034
1.09491|52.60315
1.09493|52.60313
1.09631|52.60224
1.09727|52.60157
1.09914|52.60017
1.10061|52.59841
1.10125|52.59761
1.10138|52.5974
1.10144|52.59727
1.10148|52.59711
1.1017|52.59565
1.10179|52.59493
1.10179|52.59491
1.10182|52.59475
1.10185|52.59448
1.1019|52.59433
1.10201|52.59408
1.10231|52.5937
1.10245|52.59354
1.10269|52.59317
1.10282|52.59294
1.1031|52.5925
1.10322|52.59229
1.10358|52.59173
1.10371|52.59149
1.10372|52.59148
1.10374|52.59141
1.10374|52.59126
1.10369|52.59118
1.10332|52.59084
1.10295|52.59045
1.10224|52.5896
1.10171|52.58902
1.10157|52.58883
1.10148|52.58866
1.10141|52.58847
1.10134|52.58824
1.10132|52.58819
1.10123|52.58783
1.10114|52.58739
1.10106|52.58681
1.10101|52.58557
1.10105|52.58483
1.10113|52.58463
1.10123|52.58447
1.10136|52.58433
1.1016|52.58413
1.10161|52.58413
1.10213|52.58376
1.10218|52.58371
1.10355|52.58277
1.10396|52.58247
1.10484|52.58178
1.10598|52.58081
1.10621|52.5806
1.10663|52.58067
1.10671|52.5805
1.10677|52.58032
1.10683|52.58017
1.10694|52.58002
1.10714|52.57985
1.10756|52.57955
1.10776|52.57939
1.108|52.57916
1.10836|52.57868
1.10842|52.57856
1.10843|52.57855
1.10851|52.57841
1.10863|52.57816
1.10866|52.57804
1.10867|52.57802
1.10867|52.57794
1.10865|52.57787
1.10855|52.5777
1.10849|52.57764
1.10867|52.57757
1.1088|52.5775
1.10882|52.57748
1.10885|52.57746
1.10887|52.57743
1.10888|52.5774
1.1089|52.57736
1.10897|52.57715
1.10897|52.57714
1.10905|52.57677
1.10905|52.57672
1.10902|52.57645
1.109|52.57636
1.10899|52.57623
1.109|52.57618
1.10902|52.57616
1.10905|52.57612
1.10892|52.57597
1.10864|52.57561
1.10857|52.5755
1.10847|52.57539
1.1083|52.57524
1.10831|52.57522
1.10832|52.57521
1.10831|52.57519
1.10828|52.57517
1.10845|52.575
1.10861|52.57472
1.10876|52.57454
1.10902|52.57415
1.10921|52.5739
1.10932|52.57381
1.10948|52.57376
1.10962|52.57376
1.10976|52.57375
1.10972|52.57369
1.10967|52.57364
1.10954|52.57354
1.1096|52.5734
1.10963|52.57325
1.10968|52.57258
1.10956|52.57255
1.1095|52.57252
1.10883|52.57185
1.1084|52.57148
1.1082|52.57127
1.10807|52.57118
1.10788|52.57108
1.10753|52.57093
1.10698|52.57074
1.10707|52.57068
1.10714|52.57065
1.1072|52.57064
1.10754|52.57063
1.10781|52.57064