1.38597|52.82259
1.38599|52.82254
1.38604|52.82247
1.38606|52.82245
1.38606|52.82243
1.38607|52.82241
1.38607|52.82235
1.38722|52.82218
1.38735|52.82218
1.38751|52.82221
1.38747|52.82225
1.38742|52.82233
1.38741|52.82237
1.38741|52.8224
1.38744|52.8225
1.38746|52.82263
1.38746|52.82268
1.38744|52.82282
1.38742|52.82289
1.38733|52.8231
1.3875|52.82313
1.38792|52.82325
1.388|52.82328
1.38808|52.82332
1.3881|52.82334
1.38813|52.82336
1.38819|52.82342
1.38854|52.82395
1.38859|52.82401
1.38886|52.82427
1.3891|52.82455
1.38924|52.82475
1.3893|52.82485
1.38938|52.82501
1.3903|52.82708
1.39033|52.82718
1.39064|52.82791
1.39154|52.83097
1.3917|52.8317
1.39174|52.83198
1.39173|52.83225
1.39154|52.83325
1.39202|52.83445
1.39229|52.83499
1.39232|52.83504
1.39237|52.8351
1.39248|52.83518
1.39263|52.83532
1.39273|52.83546
1.3928|52.8356
1.39285|52.83578
1.39305|52.83672
1.39318|52.8372
1.39318|52.83721
1.39328|52.83747
1.39389|52.83871
1.39395|52.83887
1.39407|52.83945
1.39407|52.83961
1.39406|52.83974
1.39403|52.83991
1.39403|52.84
1.39404|52.84006
1.39398|52.84014
1.39395|52.84017
1.39393|52.84021
1.39387|52.84041
1.39383|52.84072
1.39383|52.8411
1.39384|52.8412
1.39394|52.8417
1.39398|52.84207
1.39403|52.84236
1.39412|52.84263
1.3944|52.84312
1.39448|52.84332
1.39452|52.84354
1.39452|52.84368
1.39448|52.844
1.39445|52.84444
1.39445|52.84481
1.39446|52.84488
1.39446|52.84494
1.3946|52.84572
1.3946|52.84587
1.39458|52.84603
1.39452|52.84621
1.39443|52.84639
1.39436|52.8465
1.39419|52.84681
1.39417|52.84688
1.39414|52.84695
1.39387|52.84795
1.39379|52.84834
1.39374|52.84866
1.39371|52.84912
1.39372|52.84965
1.3937|52.85004
1.39365|52.8504
1.3936|52.85097
1.39357|52.85118
1.3935|52.85146
1.39323|52.85224
1.39311|52.85271
1.39305|52.85307
1.39303|52.8538
1.39309|52.85442
1.39324|52.85511
1.39328|52.85541
1.39328|52.85547
1.39331|52.8557
1.39342|52.85618
1.39376|52.85736
1.39335|52.85741
1.39265|52.85747
1.39107|52.85755
1.3891|52.85752
1.38871|52.85755
1.38852|52.85758
1.38845|52.8576
1.38818|52.85773
1.38786|52.85751
1.3878|52.85748
1.38774|52.85744
1.38696|52.85703
1.38693|52.85701
1.38662|52.85688
1.38649|52.85684
1.38627|52.85675
1.38612|52.8567
1.38593|52.85661
1.38573|52.85649
1.38573|52.85648
1.38455|52.85557
1.38438|52.85542
1.38419|52.85522
1.38415|52.85506
1.38416|52.85501
1.38424|52.8548
1.38439|52.85449
1.3844|52.85448
1.38453|52.85427
1.38487|52.85379
1.38488|52.85376
1.38489|52.85375
1.3849|52.85373
1.3849|52.85371
1.38487|52.85364
1.38486|52.85364
1.38484|52.85362
1.3848|52.85361
1.38476|52.85359
1.38461|52.85354
1.38452|52.85352
1.38403|52.85333
1.38368|52.85317
1.38341|52.853
1.38269|52.85246
1.38181|52.85189
1.38162|52.85172
1.38121|52.85132
1.38119|52.85129
1.38114|52.85125
1.38108|52.85116
1.38105|52.85098
1.38098|52.85087
1.38094|52.85083
1.38092|52.85082
1.38089|52.85079
1.38084|52.85075
1.38034|52.85041
1.37994|52.85018
1.3794|52.84994
1.37899|52.84978
1.37884|52.8497
1.37873|52.84963
1.37872|52.84963
1.37863|52.84956
1.37842|52.84942
1.37834|52.84938
1.37831|52.84937
1.37825|52.84934
1.37804|52.84929
1.37798|52.84927
1.37776|52.84924
1.37775|52.84923
1.37738|52.84923
1.37716|52.84925
1.37703|52.84927
1.3769|52.84928
1.37666|52.84932
1.37576|52.84954
1.37483|52.84974
1.37422|52.84984
1.37393|52.84994
1.3738|52.85
1.37374|52.85002
1.3737|52.85004
1.37348|52.85011
1.37344|52.85011
1.37319|52.85018
1.37264|52.85028
1.3723|52.85032
1.37214|52.85036
1.37177|52.85048
1.37173|52.85053
1.37166|52.8506
1.37162|52.85067
1.37159|52.8508
1.37159|52.85083
1.37158|52.85091
1.37158|52.85096
1.37159|52.85101
1.37159|52.85106
1.3716|52.85111
1.37162|52.85115
1.37163|52.85119
1.37166|52.85126
1.37171|52.85135
1.37173|52.85137
1.37194|52.85171
1.372|52.85183
1.37202|52.85189
1.37203|52.85195
1.37203|52.85201
1.37204|52.85211
1.37204|52.85228
1.37202|52.85242
1.37199|52.85252
1.37193|52.85267
1.37179|52.85314
1.37164|52.85378
1.37155|52.85434
1.37129|52.85534
1.37093|52.8563
1.37087|52.85643
1.37067|52.85675
1.3703|52.85722
1.37024|52.85728
1.37015|52.85739
1.37004|52.8575
1.36998|52.85757
1.36873|52.85874
1.36849|52.85893
1.36823|52.85909
1.36793|52.85923
1.36744|52.85942
1.36686|52.85968
1.3659|52.86006
1.36569|52.86016
1.36549|52.86027
1.36519|52.86046
1.36516|52.86049
1.36406|52.86107
1.36334|52.86141
1.36265|52.86167
1.36222|52.8618
1.36038|52.86227
1.36022|52.86233
1.36016|52.86236
1.35959|52.86274
1.35927|52.86293
1.35892|52.86321
1.35853|52.86355
1.35839|52.8637
1.35807|52.8639
1.3578|52.86403
1.3572|52.86428
1.35705|52.86437
1.3569|52.8645
1.35659|52.86485
1.35647|52.86496
1.35625|52.86514
1.35618|52.86517
1.35671|52.86552
1.35691|52.86567
1.35726|52.86598
1.35764|52.86643
1.35769|52.86648
1.35772|52.86652
1.35871|52.86715
1.35891|52.86737
1.35898|52.86743
1.35948|52.86814
1.35957|52.86831
1.35961|52.86842
1.35973|52.86868
1.3599|52.86896
1.36049|52.86982
1.36072|52.87024
1.36076|52.87035
1.36079|52.87048
1.36078|52.87124
1.36079|52.87128
1.36079|52.87135
1.36081|52.8714
1.36096|52.87208
1.36102|52.8725
1.36103|52.87253
1.36105|52.87271
1.36103|52.87292
1.36098|52.8731
1.36096|52.87324
1.3609|52.8735
1.36087|52.8737
1.36084|52.87384
1.36076|52.87461
1.36076|52.8754
1.36071|52.8761
1.36057|52.87707
1.36044|52.87743
1.36037|52.87768
1.3603|52.87781
1.35705|52.8785
1.35511|52.87883
1.35481|52.87887
1.35458|52.87888
1.35417|52.87886
1.35391|52.87886
1.35372|52.87888
1.35345|52.87893
1.35203|52.87926
1.35119|52.8794
1.35115|52.8794
1.35042|52.87952
1.34967|52.87971
1.34925|52.87985
1.34879|52.88006
1.34859|52.88011
1.34774|52.88025
1.34765|52.88025
1.34754|52.88026
1.34679|52.8802
1.34584|52.88017
1.34498|52.88023
1.34411|52.88035
1.34409|52.88035
1.34335|52.88045
1.34303|52.88048
1.34115|52.8805
1.34103|52.88051
1.34059|52.8805
1.34034|52.88048
1.33976|52.88039
1.33969|52.88037
1.33744|52.87989
1.33698|52.87982
1.33598|52.87974
1.33589|52.87974
1.33569|52.8797
1.33567|52.87969
1.33491|52.87953
1.33459|52.87945
1.33426|52.87939
1.33322|52.87928
1.33318|52.87927
1.33292|52.87924
1.33231|52.87913
1.33222|52.87912
1.33092|52.87883
1.32996|52.87856
1.32955|52.87842
1.32892|52.87813
1.32767|52.87776
1.32707|52.87764
1.32663|52.87757
1.32523|52.8774
1.32454|52.87739
1.32415|52.87745
1.32408|52.87747
1.32334|52.87785
1.32307|52.87796
1.32276|52.87807
1.32192|52.87833
1.32163|52.87839
1.32156|52.87841
1.318|52.879
1.31776|52.87907
1.31752|52.87916
1.31669|52.87951
1.3159|52.8798
1.31588|52.8798
1.31555|52.87993
1.31539|52.88003
1.31505|52.88028
1.31497|52.88032
1.31463|52.88055
1.3143|52.88072
1.31385|52.88092
1.31357|52.88103
1.31255|52.88136
1.31181|52.88155
1.3116|52.88158
1.31068|52.88176
1.30986|52.88197
1.30985|52.88197
1.30937|52.88212
1.30787|52.88268
1.30751|52.88278
1.30655|52.8829
1.30643|52.8829
1.30617|52.88294
1.3059|52.88296
1.30401|52.88325
1.30382|52.88327
1.30371|52.88327
1.30365|52.88328
1.30249|52.88333
1.30229|52.88333
1.302|52.88331
1.30099|52.88317
1.30042|52.88318
1.29948|52.88323
1.2988|52.88324
1.29843|52.88328
1.29831|52.88331
1.29764|52.88354
1.29763|52.88353
1.29762|52.88353
1.29762|52.88352
1.2976|52.88352
1.2976|52.88351
1.29754|52.88351
1.29754|52.88352
1.29752|52.88352
1.29752|52.88353
1.2975|52.88353
1.2975|52.88358
1.29751|52.88358
1.29752|52.88359
1.29753|52.88359
1.29754|52.8836
1.29758|52.8836
1.29759|52.88367
1.29759|52.88372
1.2976|52.88374
1.29761|52.88378
1.29787|52.88445
1.29789|52.88449
1.29791|52.88459
1.2979|52.8846
1.29787|52.8846
1.29787|52.88461
1.29786|52.88461
1.29786|52.88462
1.29785|52.88462
1.29785|52.88463
1.29784|52.88463
1.29784|52.88466
1.29785|52.88466
1.29785|52.88467
1.29738|52.88487
1.29726|52.88491
1.29688|52.88498
1.29656|52.885
1.29613|52.88508
1.29597|52.88512
1.29571|52.88521
1.2957|52.88521
1.29496|52.88554
1.29416|52.88596
1.29378|52.88625
1.29357|52.88647
1.29342|52.88667
1.29327|52.88694
1.29257|52.88833
1.29245|52.8885
1.29233|52.88862
1.29216|52.88877
1.2917|52.88905
1.29086|52.88941
1.29065|52.88955
1.29034|52.88978
1.29023|52.8899
1.29001|52.89018
1.2897|52.8907
1.28962|52.89093
1.28959|52.89115
1.28961|52.89138
1.28968|52.89159
1.28979|52.8918
1.28993|52.89198
1.2902|52.8924
1.2903|52.89261
1.29037|52.89286
1.29041|52.89297
1.29047|52.89338
1.29048|52.89364
1.29052|52.89385
1.29061|52.89408
1.29077|52.89439
1.29104|52.8951
1.29107|52.89531
1.29107|52.89539
1.29105|52.89552
1.29083|52.89624
1.29077|52.89661
1.29077|52.89679
1.29079|52.89699
1.29081|52.89711
1.29096|52.89748
1.29141|52.89832
1.29146|52.8984
1.2915|52.89864
1.29157|52.89955
1.29157|52.90018
1.2915|52.90056
1.2913|52.90134
1.29126|52.90167
1.29128|52.90204
1.29134|52.90248
1.29141|52.90286
1.29147|52.90308
1.29151|52.90363
1.29147|52.90379
1.2914|52.90399
1.29132|52.90417
1.29125|52.90427
1.29116|52.90435
1.29076|52.90461
1.29012|52.90493
1.28943|52.90532
1.2889|52.90559
1.28874|52.90566
1.28855|52.90573
1.28815|52.90582
1.28774|52.90589
1.2864|52.90623
1.28608|52.90633
1.28499|52.90681
1.28437|52.90711
1.2839|52.90743
1.28345|52.90778
1.28314|52.90798
1.28296|52.90807
1.28281|52.90813
1.28259|52.9082
1.28204|52.90833
1.28203|52.90834
1.28149|52.90851
1.28129|52.90855
1.28011|52.9087
1.27922|52.90895
1.27886|52.90908
1.27854|52.90925
1.2784|52.90936
1.27825|52.9095
1.27819|52.9096
1.27817|52.90971
1.27816|52.91088
1.27817|52.91114
1.2782|52.91135
1.2784|52.91221
1.27842|52.91234
1.27843|52.91263
1.2784|52.91286
1.27835|52.91302
1.27803|52.91361
1.27803|52.91362
1.27702|52.91531
1.27643|52.91601
1.27566|52.91675
1.27515|52.91727
1.27481|52.91755
1.27465|52.91766
1.27448|52.91775
1.27378|52.91806
1.27284|52.91838
1.27198|52.9187
1.27172|52.91876
1.27171|52.91876
1.2717|52.91875
1.27156|52.91875
1.27155|52.91876
1.27127|52.91874
1.27057|52.91847
1.26916|52.918
1.2688|52.9179
1.26799|52.91773
1.26718|52.91763
1.26643|52.91759
1.26587|52.91759
1.26561|52.91761
1.26545|52.91761
1.26456|52.91771
1.25701|52.91915
1.25699|52.91908
1.25698|52.91906
1.25695|52.91904
1.25687|52.91904
1.25576|52.91916
1.25568|52.91916
1.25562|52.91915
1.25497|52.9189
1.25493|52.91887
1.25486|52.91883
1.25482|52.91879
1.25478|52.91872
1.25474|52.91867
1.25464|52.91848
1.2546|52.91838
1.25458|52.91831
1.25421|52.91758
1.25419|52.91751
1.25416|52.91745
1.25412|52.91734
1.25408|52.91728
1.25401|52.91723
1.25397|52.91718
1.25388|52.91709
1.25379|52.91697
1.25372|52.9168
1.25363|52.9165
1.25362|52.91645
1.25361|52.91624
1.25356|52.91591
1.25354|52.91583
1.25352|52.91579
1.25351|52.91574
1.25325|52.91517
1.25315|52.91498
1.25305|52.91474
1.25304|52.9147
1.25274|52.91398
1.2526|52.91371
1.2526|52.9137
1.25254|52.91352
1.25252|52.91348
1.25249|52.91336
1.25248|52.91329
1.25249|52.9132
1.25249|52.91309
1.25251|52.91299
1.25251|52.91297
1.25254|52.91281
1.25256|52.91263
1.25256|52.91248
1.25251|52.91228
1.25246|52.91215
1.25235|52.91219
1.25211|52.91225
1.25187|52.91227
1.25086|52.91225
1.24916|52.91232
1.24887|52.91232
1.24679|52.91244
1.24627|52.91253
1.24483|52.91287
1.24446|52.91297
1.24422|52.91305
1.24379|52.91322
1.24366|52.91328
1.24325|52.91337
1.24323|52.91331
1.24279|52.91254
1.24271|52.91237
1.24264|52.91215
1.24263|52.91209
1.24262|52.91182
1.24264|52.91142
1.24261|52.91126
1.24254|52.91108
1.24233|52.91063
1.24207|52.90993
1.24193|52.90965
1.24186|52.90954
1.24124|52.90877
1.24111|52.90849
1.24102|52.90825
1.24089|52.90769
1.24087|52.90756
1.24086|52.90739
1.24089|52.90602
1.24092|52.90568
1.24097|52.90537
1.24107|52.90509
1.2413|52.90463
1.24136|52.90443
1.24138|52.9043
1.24139|52.90413
1.24139|52.90382
1.24137|52.90351
1.24136|52.90346
1.24133|52.90307
1.24124|52.90238
1.24114|52.90226
1.24082|52.90204
1.24|52.90161
1.23998|52.90161
1.23932|52.90133
1.23872|52.90112
1.23834|52.90105
1.23725|52.9008
1.23575|52.90033
1.23541|52.9002
1.23522|52.90011
1.23507|52.90002
1.23501|52.89997
1.23494|52.8999
1.23488|52.89982
1.23473|52.89951
1.23467|52.89934
1.23459|52.89906
1.23456|52.89899
1.23454|52.89896
1.23451|52.89894
1.23445|52.89892
1.23436|52.89891
1.23388|52.89896
1.23346|52.89897
1.23314|52.89895
1.23212|52.89871
1.23211|52.89871
1.23144|52.89853
1.23095|52.89844
1.23084|52.89843
1.23078|52.89844
1.23072|52.89844
1.22981|52.89869
1.2296|52.89873
1.22943|52.89875
1.22923|52.89876
1.22887|52.89876
1.22807|52.89873
1.22789|52.89874
1.2276|52.89873
1.22726|52.8987
1.22717|52.8987
1.22683|52.89867
1.22665|52.89867
1.22608|52.89878
1.22593|52.8988
1.2255|52.89891
1.22491|52.8991
1.22461|52.89922
1.22412|52.89946
1.22322|52.89981
1.22269|52.89998
1.22267|52.89998
1.2223|52.90006
1.22124|52.90019
1.22107|52.90022
1.22094|52.90023
1.22076|52.90023
1.22059|52.90021
1.22033|52.90016
1.21987|52.90002
1.21937|52.89978
1.21905|52.89965
1.21885|52.89958
1.2185|52.89949
1.21802|52.89941
1.21755|52.8993
1.21695|52.89913
1.21665|52.89906
1.21647|52.89903
1.21566|52.89899
1.21552|52.89897
1.21541|52.89894
1.21496|52.899
1.21494|52.899
1.21447|52.89907
1.21335|52.89929
1.21314|52.89932
1.21239|52.8995
1.21204|52.89957
1.21204|52.89958
1.21155|52.89965
1.21132|52.89967
1.21096|52.89967
1.21057|52.89963
1.2096|52.89945
1.20911|52.89946
1.20902|52.89945
1.20875|52.8994
1.20857|52.89934
1.20842|52.89926
1.20817|52.89933
1.20759|52.89957
1.20747|52.89961
1.20712|52.8997
1.20687|52.89974
1.20684|52.89975
1.20665|52.89978
1.20625|52.89981
1.20507|52.8997
1.20418|52.89967
1.20294|52.89969
1.20269|52.89971
1.20254|52.89971
1.20244|52.89973
1.2024|52.89973
1.20121|52.89992
1.20095|52.89995
1.20092|52.89996
1.19995|52.90008
1.19854|52.90016
1.19844|52.90018
1.19709|52.90056
1.19585|52.901
1.19511|52.90121
1.19446|52.90142
1.19425|52.9015
1.19248|52.90241
1.19222|52.90259
1.19204|52.90277
1.19201|52.90284
1.19197|52.9029
1.19068|52.90269
1.19055|52.90268
1.18962|52.90279
1.18837|52.90274
1.18812|52.90275
1.18793|52.90277
1.18784|52.9028
1.18778|52.90283
1.18766|52.90301
1.18762|52.90303
1.1875|52.90306
1.18738|52.90308
1.18636|52.90315
1.18449|52.90333
1.18339|52.90351
1.18168|52.90383
1.18141|52.90387
1.18139|52.90387
1.1811|52.90391
1.18103|52.90391
1.18068|52.90399
1.18058|52.90405
1.18053|52.90411
1.18048|52.90415
1.18039|52.90418
1.18008|52.90422
1.17919|52.90428
1.1788|52.90426
1.17805|52.90428
1.17749|52.90427
1.17373|52.90409
1.17296|52.9041
1.17227|52.90413
1.17224|52.90414
1.17195|52.90417
1.17167|52.90424
1.17114|52.9044
1.17101|52.90443
1.17064|52.90454
1.1706|52.90456
1.16996|52.90477
1.16961|52.90491
1.16911|52.90508
1.1687|52.9052
1.1669|52.90548
1.16349|52.90581
1.16338|52.90583
1.16261|52.9059
1.16228|52.9058
1.1622|52.9057
1.16213|52.90567
1.16198|52.90563
1.16189|52.90563
1.16177|52.90564
1.161|52.90575
1.16086|52.90575
1.16063|52.90572
1.15991|52.90557
1.15938|52.90548
1.15875|52.90544
1.1578|52.90541
1.15723|52.90542
1.15519|52.90555
1.15369|52.9056
1.15365|52.90561
1.15273|52.90568
1.15248|52.90574
1.15226|52.90582
1.15209|52.90591
1.15198|52.90592
1.1516|52.90598
1.15119|52.90602
1.1507|52.90604
1.14981|52.90604
1.14978|52.90605
1.14923|52.90608
1.14921|52.90609
1.14798|52.90619
1.14743|52.90619
1.1473|52.9062
1.14584|52.90623
1.14499|52.90622
1.14399|52.90618
1.142|52.90599
1.1415|52.906
1.1412|52.90602
1.14107|52.90602
1.1407|52.90607
1.14044|52.90613
1.14032|52.90617
1.14016|52.90627
1.14004|52.9064
1.1399|52.90657
1.13977|52.90671
1.13732|52.90879
1.13709|52.90902
1.13697|52.90918
1.13692|52.90934
1.1369|52.90966
1.13684|52.91008
1.13537|52.91035
1.13491|52.91037
1.13381|52.91038
1.13362|52.9104
1.13336|52.91046
1.13281|52.91064
1.13273|52.91066
1.12889|52.91198
1.12757|52.91246
1.12676|52.91288
1.12576|52.9132
1.12331|52.91389
1.12315|52.91398
1.12313|52.91403
1.12307|52.91414
1.1222|52.91402
1.11933|52.9134
1.11798|52.91305
1.11796|52.91304
1.11743|52.91289
1.11742|52.91289
1.11608|52.91241
1.11565|52.91223
1.11471|52.91178
1.11455|52.91189
1.11452|52.9119
1.11447|52.91194
1.11432|52.91203
1.11419|52.91208
1.11413|52.91209
1.114|52.91209
1.11023|52.91107
1.10876|52.9107
1.10609|52.91014
1.10608|52.91014
1.09908|52.90876
1.09886|52.9087
1.09777|52.90831
1.09773|52.90829
1.09614|52.90769
1.09368|52.90749
1.09201|52.90704
1.09131|52.90689
1.0911|52.90682
1.09084|52.90668
1.09077|52.90639
1.09074|52.90615
1.09071|52.90607
1.09068|52.90601
1.09066|52.90599
1.0906|52.90598
1.08939|52.90598
1.0888|52.90596
1.08858|52.90594
1.08848|52.90592
1.08749|52.90562
1.08745|52.90562
1.08729|52.90556
1.08728|52.90555
1.08718|52.90551
1.08708|52.90546
1.08693|52.90534
1.0868|52.90522
1.08676|52.90524
1.08663|52.90533
1.0866|52.90534
1.08659|52.90535
1.08655|52.90537
1.08615|52.9055
1.08493|52.90609
1.08464|52.90621
1.08463|52.90621
1.08421|52.90635
1.08402|52.9064
1.0835|52.90651
1.08299|52.90656
1.08166|52.90662
1.07946|52.90665
1.07879|52.90661
1.07811|52.90653
1.07798|52.9065
1.07564|52.90613
1.07559|52.90613
1.07531|52.9061
1.07386|52.90603
1.07379|52.90602
1.0724|52.90597
1.07147|52.906
1.07072|52.90606
1.06804|52.90638
1.06756|52.90646
1.06739|52.9065
1.06709|52.90662
1.06699|52.90668
1.06655|52.90698
1.06649|52.907
1.06643|52.90703
1.0662|52.9071
1.06488|52.90732
1.0645|52.90741
1.06396|52.90749
1.06394|52.9075
1.06358|52.90753
1.06334|52.90753
1.06318|52.9075
1.06295|52.90744
1.06284|52.90742
1.06255|52.90742
1.06249|52.90744
1.06239|52.90746
1.06239|52.90747
1.06223|52.90753
1.06194|52.90775
1.06182|52.90783
1.06164|52.9079
1.06148|52.90795
1.06131|52.90799
1.06102|52.90809
1.06101|52.90821
1.06093|52.90855
1.06092|52.90855
1.06088|52.90865
1.0608|52.90878
1.06074|52.90885
1.06013|52.90941
1.06008|52.90944
1.05995|52.90955
1.05986|52.90961
1.05951|52.90989
1.05927|52.91006
1.05909|52.91017
1.05884|52.91036
1.05882|52.91039
1.05876|52.91046
1.05833|52.91109
1.05813|52.91135
1.05812|52.91138
1.05801|52.91157
1.05779|52.91212
1.0577|52.91238
1.05767|52.91242
1.05757|52.9126
1.05733|52.91283
1.0572|52.91293
1.05704|52.91302
1.05674|52.91313
1.05656|52.91318
1.05635|52.91322
1.05492|52.91336
1.05388|52.9135
1.05363|52.91355
1.05333|52.91369
1.05327|52.91373
1.05304|52.91391
1.05273|52.91408
1.05256|52.91414
1.05208|52.91428
1.05156|52.91446
1.05142|52.91453
1.05139|52.91454
1.05103|52.91476
1.0508|52.91499
1.05002|52.91606
1.04972|52.91644
1.04923|52.91697
1.04906|52.91712
1.0488|52.91732
1.04864|52.91742
1.04779|52.9179
1.04705|52.91826
1.04578|52.91897
1.04517|52.91936
1.04418|52.92004
1.0435|52.92056
1.04345|52.92061
1.04332|52.92072
1.04329|52.92076
1.04297|52.92106
1.04256|52.92154
1.04244|52.92171
1.04238|52.92177
1.04232|52.92187
1.0422|52.92204
1.04136|52.92338
1.04092|52.92413
1.04015|52.92565
1.03984|52.92615
1.03984|52.92616
1.03974|52.92632
1.03972|52.92634
1.03941|52.92682
1.03938|52.92688
1.0393|52.92699
1.03924|52.92709
1.03916|52.9273
1.03898|52.92787
1.03891|52.92818
1.03884|52.9284
1.03835|52.92965
1.03827|52.92994
1.03824|52.93002
1.03814|52.93036
1.03784|52.93121
1.03771|52.93177
1.03771|52.93206
1.03768|52.93231
1.03527|52.93337
1.03523|52.93338
1.03478|52.93357
1.03474|52.93358
1.03428|52.93376
1.03375|52.93394
1.03019|52.93526
1.02958|52.93546
1.02881|52.93564
1.02804|52.93577
1.02798|52.93577
1.02761|52.93583
1.02741|52.93588
1.0274|52.93588
1.02727|52.93593
1.02717|52.936
1.02711|52.93605
1.02705|52.93609
1.02698|52.93612
1.02678|52.93618
1.02626|52.9363
1.02509|52.93665
1.02486|52.93674
1.02357|52.93732
1.02311|52.93748
1.02284|52.93755
1.02225|52.93767
1.02183|52.9378
1.02176|52.93784
1.0209|52.93818
1.02008|52.93857
1.01997|52.9386
1.01986|52.93862
1.01909|52.93825
1.01908|52.93824
1.01884|52.93813
1.01883|52.93813
1.01789|52.9377
1.01746|52.93752
1.01739|52.9375
1.01707|52.93738
1.01687|52.93732
1.01333|52.9361
1.01329|52.93608
1.01185|52.93558
1.01175|52.93557
1.01172|52.93556
1.01165|52.93555
1.00973|52.93547
1.00922|52.93543
1.00911|52.93543
1.00906|52.93542
1.00709|52.93538
1.00642|52.93534
1.00619|52.93531
1.00602|52.9353
1.00557|52.93524
1.00447|52.93503
1.00386|52.93494
1.00383|52.93494
1.0036|52.93491
1.00353|52.93491
1.00335|52.93489
1.00267|52.93485
1.00197|52.93483
1.00077|52.93484
0.99937|52.9349
0.99871|52.9349
0.99738|52.93482
0.99734|52.93481
0.99609|52.9347
0.99553|52.93467
0.99367|52.93473
0.9921|52.93472
0.99044|52.93487
0.99041|52.93488
0.98741|52.93519
0.98687|52.93519
0.9867|52.93511
0.98663|52.93507
0.98647|52.93493
0.9864|52.93477
0.98636|52.93458
0.98633|52.93434
0.9863|52.9342
0.98626|52.93407
0.98605|52.93361
0.98532|52.93178
0.98519|52.93133
0.9843|52.93146
0.9838|52.93147
0.98344|52.9315
0.98338|52.93152
0.98325|52.93154
0.98314|52.93158
0.98279|52.93168
0.98237|52.93177
0.98081|52.93205
0.98041|52.9321
0.98038|52.93215
0.98033|52.9322
0.98029|52.93223
0.97941|52.93275
0.9789|52.93308
0.97839|52.93349
0.97759|52.93419
0.97742|52.93432
0.97719|52.93445
0.97696|52.93456
0.97695|52.93457
0.97646|52.93475
0.97411|52.93542
0.97356|52.93556
0.97205|52.93586
0.97204|52.93587
0.97175|52.93592
0.97087|52.93595
0.97041|52.93595
0.96943|52.93603
0.96925|52.93607
0.96849|52.9362
0.96822|52.93626
0.96809|52.93628
0.96795|52.93633
0.96764|52.93642
0.96737|52.93652
0.9671|52.9366
0.96659|52.93668
0.96654|52.93668
0.96624|52.93671
0.96582|52.93672
0.9657|52.93674
0.96565|52.93674
0.96486|52.93692
0.96481|52.93694
0.96319|52.93731
0.96276|52.93739
0.96224|52.93746
0.96185|52.93749
0.96073|52.93752
0.96037|52.93755
0.96|52.93761
0.95746|52.93844
0.95682|52.93867
0.95585|52.93896
0.95584|52.93896
0.95498|52.93923
0.95408|52.93945
0.9534|52.93959
0.95213|52.9398
0.95165|52.93985
0.95114|52.93993
0.95073|52.94001
0.95046|52.94008
0.95021|52.94016
0.9502|52.94017
0.94971|52.94028
0.94883|52.94044
0.94706|52.94067
0.94704|52.94068
0.94692|52.94071
0.94684|52.94072
0.94675|52.94076
0.94668|52.94081
0.94657|52.94086
0.94646|52.94089
0.94614|52.94093
0.94606|52.94091
0.94597|52.9409
0.9456|52.94078
0.94521|52.94069
0.94489|52.94067
0.94361|52.94066
0.94306|52.94063
0.94145|52.94042
0.94113|52.94041
0.94065|52.94047
0.93979|52.94067
0.93924|52.94077
0.93923|52.94068
0.93924|52.9406
0.93969|52.93883
0.9397|52.93873
0.93977|52.93847
0.94|52.93694
0.94002|52.93661
0.94005|52.93644
0.94007|52.9364
0.94051|52.93522
0.94056|52.93506
0.94193|52.93132
0.94201|52.93121
0.94207|52.93117
0.94213|52.93114
0.94226|52.9311
0.94504|52.93067
0.9455|52.93062
0.94607|52.93059
0.94765|52.93063
0.94777|52.93058
0.94785|52.93053
0.94789|52.93045
0.94801|52.92978
0.94804|52.92953
0.94803|52.92932
0.94803|52.9289
0.94807|52.92825
0.94813|52.92788
0.94829|52.92717
0.9483|52.92709
0.94834|52.92699
0.94848|52.92651
0.94876|52.92575
0.94886|52.9254
0.94889|52.92498
0.94887|52.92478
0.94884|52.92459
0.94881|52.9245
0.9488|52.92445
0.94849|52.92363
0.94848|52.92358
0.94828|52.92311
0.94828|52.9231
0.94812|52.92259
0.94811|52.92245
0.94713|52.92244
0.94697|52.92246
0.94665|52.92255
0.94629|52.92267
0.94576|52.92282
0.94545|52.92285
0.94509|52.92243
0.94508|52.92241
0.94433|52.9213
0.94429|52.92126
0.94437|52.921
0.9444|52.92084
0.94443|52.92075
0.94459|52.92039
0.94466|52.92028
0.94479|52.92012
0.94489|52.92003
0.94519|52.91984
0.94566|52.91959
0.9467|52.91915
0.9468|52.9191
0.9482|52.91853
0.94826|52.91849
0.94834|52.91837
0.94836|52.9183
0.94841|52.91804
0.94842|52.91802
0.94843|52.91801
0.94844|52.91799
0.94849|52.91795
0.94835|52.91741
0.94829|52.91693
0.94824|52.91637
0.94827|52.91604
0.94877|52.91324
0.94878|52.91311
0.94882|52.91287
0.94882|52.91255
0.94877|52.91203
0.94877|52.91182
0.94882|52.91147
0.94898|52.91094
0.94911|52.91061
0.94944|52.90995
0.94951|52.90978
0.94971|52.90911
0.94978|52.90881
0.9498|52.90859
0.94983|52.90794
0.95036|52.90423
0.9505|52.9035
0.95052|52.90329
0.95055|52.90214
0.95053|52.90193
0.95048|52.89952
0.95049|52.89837
0.95048|52.89825
0.9505|52.89688
0.95048|52.89653
0.95039|52.89594
0.95039|52.89591
0.95026|52.89529
0.95007|52.89466
0.95007|52.89463
0.95006|52.8946
0.95008|52.89453
0.95008|52.89452
0.95028|52.89424
0.95038|52.89412
0.9504|52.89405
0.9504|52.89393
0.94996|52.89252
0.94988|52.89222
0.94988|52.89218
0.94987|52.89213
0.94988|52.89209
0.9499|52.89204
0.9499|52.89181
0.94989|52.89176
0.94955|52.89068
0.94953|52.89055
0.94953|52.89035
0.94954|52.8903
0.94961|52.89007
0.94963|52.88995
0.9496|52.88978
0.94956|52.88969
0.94919|52.8892
0.94858|52.88834
0.94832|52.88807
0.94821|52.88797
0.94792|52.8878
0.94791|52.8878
0.94779|52.88775
0.94764|52.88765
0.94739|52.88742
0.94733|52.88732
0.94726|52.88708
0.94713|52.88675
0.94689|52.88621
0.94682|52.88608
0.94648|52.88569
0.94606|52.88531
0.9456|52.88482
0.94491|52.88397
0.94336|52.88438
0.94186|52.88472
0.94099|52.88489
0.94057|52.88495
0.93978|52.88498
0.93954|52.88497
0.93914|52.88492
0.93869|52.88493
0.93722|52.88508
0.93699|52.88509
0.93676|52.88506
0.9364|52.88509
0.93616|52.88533
0.93603|52.88543
0.93579|52.88557
0.93439|52.88619
0.93427|52.88623
0.93299|52.88242
0.93215|52.88009
0.93156|52.8783
0.93009|52.87581
0.92557|52.8778
0.92556|52.87781
0.92422|52.87818
0.9242|52.87817
0.92418|52.87815
0.92415|52.87814
0.92411|52.87812
0.92208|52.87751
0.92199|52.87749
0.92154|52.87742
0.92011|52.87727
0.91933|52.87716
0.91664|52.87707
0.91628|52.87702
0.91419|52.87662
0.91357|52.87658
0.91258|52.87657
0.91114|52.87659
0.91005|52.87658
0.90993|52.87657
0.90977|52.87657
0.90783|52.87644
0.90764|52.87644
0.90699|52.87647
0.90597|52.87659
0.90555|52.87658
0.90415|52.87649
0.90362|52.87643
0.90354|52.87643
0.90174|52.87623
0.90139|52.87623
0.90127|52.87624
0.9007|52.8764
0.90057|52.87642
0.90042|52.87643
0.90002|52.8764
0.89991|52.87637
0.89979|52.87631
0.89968|52.87623
0.89951|52.87608
0.89942|52.87598
0.89937|52.87591
0.89929|52.87575
0.89925|52.87563
0.89924|52.87535
0.89928|52.87506
0.89929|52.87502
0.8993|52.87484
0.89931|52.87477
0.89931|52.87462
0.8993|52.87454
0.89927|52.87446
0.89918|52.87437
0.899|52.87432
0.8989|52.87432
0.8988|52.87431
0.8983|52.87431
0.89683|52.87436
0.89567|52.87444
0.89443|52.87459
0.89419|52.8746
0.89399|52.8745
0.89378|52.87436
0.89371|52.87421
0.89365|52.87402
0.89359|52.87371
0.89357|52.87338
0.89358|52.87331
0.89361|52.87318
0.89367|52.87303
0.89364|52.8726
0.89358|52.87232
0.8935|52.87215
0.8934|52.87202
0.89315|52.87183
0.89253|52.87128
0.89261|52.87123
0.8931|52.87087
0.89387|52.87016
0.89392|52.87009
0.89393|52.87007
0.89395|52.87
0.89395|52.86988
0.89394|52.86983
0.89378|52.8695
0.8937|52.86937
0.89356|52.86908
0.8935|52.86878
0.89349|52.86862
0.89351|52.86843
0.89357|52.86813
0.89364|52.86787
0.89372|52.86765
0.89379|52.8675
0.89388|52.86735
0.89403|52.86716
0.89424|52.86693
0.89456|52.86666
0.89465|52.86654
0.89469|52.86647
0.89478|52.86627
0.89484|52.86598
0.89486|52.86565
0.89487|52.86563
0.89481|52.86452
0.89497|52.86349
0.8951|52.86286
0.89523|52.86235
0.89532|52.86208
0.89564|52.86157
0.89637|52.8603
0.89703|52.85851
0.89751|52.857
0.89773|52.85654
0.8979|52.85624
0.89813|52.85594
0.89814|52.85592
0.89839|52.85561
0.89842|52.85558
0.89857|52.85538
0.89896|52.85478
0.899|52.85473
0.89907|52.85466
0.89952|52.85435
0.89995|52.8541
0.90036|52.85391
0.90122|52.85359
0.9013|52.85355
0.90138|52.85352
0.90142|52.85349
0.90153|52.85357
0.90159|52.85363
0.9017|52.85376
0.90172|52.8538
0.90183|52.85394
0.90206|52.85415
0.90238|52.85439
0.90263|52.8545
0.90282|52.85454
0.9029|52.85455
0.90307|52.85455
0.90315|52.85454
0.90399|52.85421
0.90423|52.85414
0.90487|52.85399
0.90491|52.85399
0.90493|52.85398
0.90499|52.85398
0.9051|52.85401
0.9056|52.85424
0.90573|52.85428
0.90596|52.85431
0.90648|52.8543
0.90712|52.85432
0.90756|52.85438
0.90771|52.85441
0.90785|52.85441
0.90789|52.8544
0.90793|52.85438
0.90799|52.85434
0.90802|52.85431
0.90804|52.85426
0.90812|52.85412
0.90824|52.85401
0.90831|52.85396
0.90838|52.85392
0.909|52.85368
0.90917|52.8536
0.91005|52.85311
0.91036|52.8529
0.9105|52.85278
0.9107|52.85264
0.91121|52.85221
0.91181|52.85179
0.91202|52.85163
0.91294|52.85101
0.9137|52.85059
0.914|52.85044
0.91515|52.85007
0.91516|52.85007
0.91645|52.84964
0.91699|52.84948
0.917|52.84948
0.91892|52.84895
0.91771|52.84723
0.9177|52.84721
0.9177|52.84718
0.91772|52.84714
0.91795|52.84705
0.91799|52.84704
0.91898|52.84696
0.91902|52.84695
0.91935|52.84683
0.91937|52.84679
0.91928|52.84645
0.91782|52.84629
0.91742|52.8462
0.91712|52.84611
0.91711|52.84611
0.91707|52.8461
0.91642|52.84606
0.91612|52.84601
0.9158|52.84591
0.9157|52.84587
0.91548|52.84576
0.91547|52.84575
0.91541|52.84571
0.91534|52.84565
0.9147|52.84502
0.91468|52.84499
0.91452|52.84483
0.91433|52.84473
0.91403|52.8446
0.91314|52.84426
0.91283|52.84411
0.91177|52.84348
0.91153|52.8433
0.9109|52.84272
0.91067|52.84279
0.91025|52.84287
0.91002|52.8429
0.90953|52.84294
0.909|52.84294
0.90816|52.84289
0.90733|52.84279
0.90679|52.84275
0.90527|52.84274
0.9044|52.84277
0.9036|52.84284
0.90322|52.84289
0.90176|52.84316
0.90169|52.84318
0.90159|52.84322
0.90148|52.84328
0.89595|52.84064
0.89591|52.84063
0.89528|52.84036
0.89506|52.84028
0.89441|52.8401
0.89363|52.83999
0.89331|52.83997
0.89239|52.83998
0.88935|52.84016
0.88411|52.84028
0.88233|52.84038
0.88228|52.84039
0.88055|52.84052
0.87879|52.84071
0.87611|52.84108
0.87276|52.84165
0.87276|52.84164
0.87277|52.84163
0.87277|52.84162
0.87276|52.84162
0.87276|52.84159
0.87274|52.84157
0.87274|52.84156
0.87273|52.84155
0.87272|52.84155
0.87271|52.84154
0.8727|52.84154
0.87268|52.84152
0.87267|52.84152
0.87266|52.84151
0.87264|52.84151
0.87263|52.8415
0.87259|52.8415
0.87257|52.84149
0.87251|52.84149
0.87249|52.8415
0.87246|52.8415
0.87238|52.84141
0.87212|52.84127
0.872|52.84119
0.87185|52.84105
0.87179|52.84097
0.87172|52.84083
0.87155|52.84018
0.8715|52.84005
0.87142|52.83989
0.87133|52.83974
0.87127|52.83956
0.87131|52.83955
0.87132|52.83955
0.87134|52.83954
0.87136|52.83954
0.87137|52.83953
0.87139|52.83952
0.87143|52.83948
0.87143|52.83947
0.87144|52.83946
0.87144|52.83942
0.87143|52.83941
0.87143|52.8394
0.8714|52.83937
0.87138|52.83936
0.87137|52.83935
0.87135|52.83935
0.87133|52.83934
0.87132|52.83934
0.8713|52.83933
0.87119|52.83933
0.87117|52.83934
0.87115|52.83934
0.87113|52.83935
0.87111|52.83937
0.87109|52.83938
0.87107|52.8394
0.87107|52.83941
0.8696|52.83956
0.86946|52.83895
0.86946|52.83878
0.86932|52.83823
0.86931|52.83812
0.86927|52.838
0.86806|52.83767
0.86677|52.83728
0.86615|52.83705
0.86606|52.837
0.86591|52.83686
0.86547|52.83688
0.86483|52.83685
0.864|52.83678
0.86336|52.83676
0.86331|52.83673
0.86318|52.83668
0.86307|52.83665
0.86299|52.83664
0.86265|52.83654
0.86156|52.83615
0.86104|52.83593
0.8582|52.83452
0.85766|52.83423
0.85746|52.83409
0.85741|52.83407
0.85709|52.83388
0.85699|52.83381
0.85547|52.83287
0.855|52.83254
0.85421|52.83202
0.85324|52.8315
0.85247|52.83115
0.85152|52.83084
0.85152|52.83085
0.85118|52.83127
0.85029|52.83126
0.85029|52.83132
0.84933|52.8313