1.56159|52.56592
1.56159|52.56591
1.56128|52.56559
1.56041|52.56479
1.56037|52.56474
1.56031|52.56468
1.56002|52.56432
1.55979|52.56408
1.55966|52.564
1.55938|52.5639
1.55842|52.5636
1.55835|52.56356
1.55823|52.56346
1.55818|52.56341
1.55808|52.56329
1.55802|52.56324
1.55796|52.5632
1.5579|52.56317
1.55789|52.56317
1.55785|52.56314
1.55777|52.56311
1.55576|52.56254
1.55568|52.56251
1.55335|52.56185
1.55317|52.56177
1.5531|52.56173
1.55298|52.56164
1.55285|52.56151
1.55188|52.56032
1.55093|52.55933
1.55065|52.55907
1.55057|52.55897
1.55054|52.55892
1.55054|52.55887
1.55057|52.55874
1.55064|52.55851
1.55064|52.55847
1.5506|52.55843
1.55026|52.55816
1.55025|52.55816
1.55028|52.55806
1.5503|52.55802
1.55046|52.55786
1.55066|52.55761
1.55074|52.55749
1.55075|52.55745
1.55075|52.55744
1.5507|52.5573
1.54892|52.55658
1.5476|52.55599
1.54696|52.55577
1.54666|52.55565
1.53963|52.5517
1.53672|52.55017
1.53648|52.55002
1.53627|52.54986
1.53613|52.54973
1.53595|52.54946
1.53573|52.54902
1.53564|52.54892
1.53563|52.54888
1.53563|52.54883
1.53567|52.54876
1.53704|52.54842
1.53715|52.5484
1.53806|52.54816
1.53861|52.54796
1.53944|52.54757
1.54026|52.5471
1.54158|52.54624
1.54163|52.54622
1.54228|52.54584
1.54267|52.54566
1.54489|52.54473
1.54825|52.54302
1.54857|52.54288
1.54857|52.54287
1.55006|52.54221
1.55055|52.54197
1.55166|52.54137
1.55195|52.54125
1.55233|52.54113
1.5528|52.54103
1.55317|52.54097
1.55495|52.54058
1.5564|52.5404
1.55632|52.54028
1.55583|52.53977
1.55578|52.53973
1.55098|52.5348
1.55084|52.53467
1.5493|52.53309
1.54927|52.53305
1.54924|52.53299
1.54845|52.53313
1.54967|52.53291
1.55031|52.53283
1.55168|52.53281
1.55228|52.53275
1.55299|52.53278
1.55331|52.53278
1.55385|52.53273
1.55426|52.53265
1.55452|52.53257
1.55543|52.53224
1.55571|52.53206
1.55607|52.53177
1.55627|52.53166
1.55628|52.53161
1.55636|52.53155
1.55663|52.53139
1.55717|52.5311
1.55731|52.53104
1.55767|52.53086
1.55795|52.53074
1.55818|52.53068
1.55854|52.53064
1.55865|52.5306
1.55883|52.5306
1.55895|52.53059
1.55922|52.53059
1.55952|52.53056
1.56055|52.53011
1.56132|52.52973
1.56164|52.52955
1.56213|52.5293
1.56214|52.5293
1.56267|52.52909
1.56326|52.52881
1.56369|52.52863
1.5639|52.52857
1.56421|52.5285
1.56423|52.52849
1.56448|52.52843
1.56495|52.52826
1.56496|52.52822
1.56504|52.52811
1.5651|52.528
1.56553|52.52741
1.56569|52.52715
1.56583|52.52689
1.56589|52.52673
1.56595|52.52652
1.56601|52.52622
1.56607|52.52599
1.56617|52.52574
1.56669|52.52471
1.56723|52.52319
1.56729|52.52295
1.56734|52.52266
1.56739|52.52223
1.56741|52.52213
1.56742|52.5218
1.56741|52.52145
1.56738|52.52116
1.56733|52.52106
1.56738|52.52068
1.5674|52.52062
1.56747|52.52033
1.56757|52.52003
1.5677|52.5197
1.56816|52.5187
1.56819|52.51862
1.56826|52.51833
1.56827|52.51808
1.56825|52.51799
1.56821|52.51788
1.56816|52.5178
1.56809|52.51762
1.56789|52.51725
1.56713|52.51598
1.56583|52.51393
1.56554|52.51335
1.56486|52.51173
1.56479|52.51159
1.56476|52.51151
1.56463|52.51129
1.56448|52.51112
1.56426|52.51092
1.5639|52.51063
1.5638|52.51052
1.56373|52.5104
1.56363|52.51017
1.56364|52.51015
1.56364|52.51012
1.56365|52.51009
1.56369|52.51006
1.56379|52.51002
1.56418|52.50997
1.56434|52.50994
1.56457|52.50986
1.56498|52.50963
1.56523|52.50945
1.56527|52.50941
1.56578|52.50901
1.56597|52.50889
1.5661|52.50879
1.56661|52.5085
1.56726|52.50826
1.56736|52.50823
1.56785|52.50803
1.56911|52.50745
1.56989|52.507
1.57027|52.50675
1.57029|52.50673
1.57042|52.50667
1.57063|52.50659
1.57254|52.50596
1.57325|52.50577
1.57358|52.50565
1.57368|52.5056
1.57373|52.50545
1.57356|52.5051
1.57331|52.50453
1.57324|52.50433
1.57317|52.50405
1.5729|52.50221
1.57282|52.50179
1.57266|52.50173
1.57187|52.50194
1.57142|52.50214
1.57088|52.50247
1.57067|52.50264
1.57047|52.50277
1.57042|52.50279
1.57009|52.50288
1.56984|52.50292
1.56929|52.50296
1.56854|52.50308
1.56851|52.50308
1.56773|52.5032
1.56766|52.50322
1.56714|52.50332
1.56588|52.50371
1.56543|52.5038
1.56524|52.50382
1.5652|52.50382
1.56515|52.50381
1.56504|52.50381
1.56467|52.50374
1.56433|52.50366
1.56424|52.50365
1.56319|52.50367
1.56242|52.50362
1.56213|52.50362
1.56195|52.50364
1.56178|52.50368
1.56164|52.5037
1.56033|52.50411
1.56021|52.50416
1.55979|52.50438
1.55963|52.50448
1.55951|52.50454
1.55948|52.50457
1.55946|52.50462
1.55946|52.50466
1.55945|52.50473
1.55945|52.50484
1.55947|52.50508
1.55944|52.50538
1.55915|52.50686
1.5591|52.50698
1.55907|52.50703
1.55906|52.50704
1.55895|52.5071
1.55885|52.50713
1.55858|52.50718
1.55846|52.50723
1.55844|52.50725
1.5584|52.50727
1.55829|52.50742
1.55822|52.50756
1.55801|52.50814
1.55797|52.50829
1.55783|52.50869
1.55776|52.50885
1.55766|52.50884
1.55762|52.50883
1.55759|52.50883
1.55755|52.50882
1.55571|52.50815
1.55514|52.50799
1.55451|52.50775
1.55429|52.50765
1.55393|52.50746
1.55335|52.50709
1.55295|52.50677
1.55294|52.50677
1.55292|52.50676
1.55285|52.50674
1.55284|52.50674
1.55245|52.50688
1.55214|52.50697
1.55053|52.50724
1.549|52.50746
1.54822|52.50752
1.54585|52.50761
1.54516|52.5077
1.54432|52.50774
1.54187|52.50772
1.54159|52.5077
1.54158|52.50771
1.54152|52.50771
1.53313|52.50866
1.53161|52.5088
1.53061|52.50901
1.52983|52.50925
1.52757|52.51003
1.52696|52.51026
1.52678|52.51035
1.52668|52.51042
1.5266|52.5105
1.52652|52.51061
1.52627|52.51104
1.52611|52.5114
1.52604|52.51166
1.52602|52.51199
1.52603|52.51213
1.52606|52.51233
1.52611|52.51247
1.5267|52.51385
1.52673|52.51398
1.52673|52.5141
1.52672|52.51415
1.52668|52.51425
1.52652|52.51431
1.52474|52.51481
1.52464|52.51485
1.52457|52.51489
1.52447|52.51496
1.52443|52.515
1.52439|52.51505
1.52437|52.51509
1.52436|52.51512
1.52427|52.51531
1.5241|52.51509
1.52395|52.51485
1.52376|52.5146
1.52361|52.51437
1.52329|52.51396
1.52306|52.5137
1.52286|52.51354
1.52276|52.51348
1.52257|52.5134
1.52241|52.51336
1.52239|52.51336
1.52173|52.51324
1.52153|52.51319
1.52132|52.5131
1.52113|52.513
1.52087|52.51284
1.52074|52.51245
1.52064|52.51207
1.52039|52.51151
1.52012|52.51102
1.5194|52.51006
1.51871|52.50933
1.5167|52.51009
1.51665|52.5101
1.51611|52.51027
1.51563|52.51039
1.51491|52.51054
1.5145|52.5106
1.51431|52.51064
1.51206|52.51094
1.51106|52.51113
1.51044|52.51127
1.50998|52.51141
1.50937|52.51163
1.50899|52.51181
1.50859|52.51204
1.50819|52.51233
1.50755|52.51291
1.50738|52.51303
1.50712|52.51319
1.50622|52.51386
1.50619|52.51389
1.50601|52.51403
1.50599|52.51405
1.50584|52.51415
1.50582|52.51417
1.50578|52.51419
1.50572|52.51421
1.50562|52.51423
1.50557|52.51425
1.5052|52.51429
1.50519|52.51446
1.50515|52.51476
1.5047|52.51653
1.50465|52.51681
1.50456|52.51758
1.5045|52.51858
1.5045|52.51918
1.50451|52.51922
1.50463|52.52123
1.50607|52.52176
1.50649|52.52194
1.50669|52.52205
1.50759|52.52271
1.50791|52.52308
1.50806|52.5233
1.50815|52.52345
1.50821|52.52352
1.50835|52.52366
1.5085|52.52378
1.50878|52.52395
1.50939|52.52425
1.50954|52.52435
1.50958|52.52439
1.50963|52.52446
1.50982|52.52484
1.51035|52.52572
1.51063|52.52624
1.51089|52.52678
1.51126|52.52744
1.5117|52.52811
1.51179|52.52828
1.51187|52.52846
1.512|52.52883
1.51207|52.52898
1.5126|52.53029
1.51298|52.53088
1.51303|52.53094
1.51329|52.53131
1.51344|52.5315
1.51349|52.5316
1.51356|52.53171
1.51365|52.5319
1.51366|52.53196
1.51366|52.532
1.51367|52.53206
1.5141|52.53214
1.51442|52.53223
1.51464|52.53232
1.51634|52.53318
1.51645|52.5333
1.51646|52.53332
1.51647|52.53337
1.51647|52.53343
1.51624|52.53397
1.51621|52.53416
1.51618|52.53453
1.51619|52.53473
1.51491|52.53485
1.51443|52.53494
1.51491|52.53485
1.51619|52.53473
1.51618|52.53453
1.51621|52.53416
1.51624|52.53397
1.51647|52.53343
1.51647|52.53337
1.51646|52.53332
1.51645|52.5333
1.51634|52.53318
1.51464|52.53232
1.51442|52.53223
1.5141|52.53214
1.51367|52.53206
1.51365|52.53205
1.51311|52.53199
1.51293|52.53199
1.51131|52.53212
1.5094|52.53235
1.50842|52.5325
1.50702|52.53275
1.50458|52.53347
1.50369|52.53369
1.50335|52.53374
1.50047|52.53403
1.4967|52.53411
1.49644|52.53409
1.49561|52.53391
1.49534|52.53387
1.4947|52.53383
1.49389|52.53385
1.4935|52.53383
1.49332|52.5338
1.49318|52.53374
1.49311|52.5337
1.49306|52.53366
1.49295|52.53355
1.49283|52.5334
1.49276|52.53334
1.49271|52.53331
1.49264|52.53328
1.49257|52.53326
1.49234|52.53322
1.4922|52.53322
1.49217|52.53321
1.49198|52.5332
1.49087|52.53322
1.49057|52.53324
1.48947|52.53336
1.48944|52.53337
1.48858|52.53351
1.48835|52.53351
1.48829|52.5335
1.48822|52.53348
1.48813|52.53341
1.4881|52.53336
1.48807|52.53329
1.48805|52.53322
1.48805|52.5331
1.48803|52.53296
1.48803|52.53294
1.48799|52.53282
1.48776|52.53249
1.4875|52.53217
1.48746|52.53214
1.48737|52.53205
1.48723|52.53193
1.48696|52.53174
1.48666|52.53161
1.48601|52.53153
1.48551|52.53151
1.4851|52.53152
1.48476|52.53156
1.48444|52.53163
1.48427|52.53168
1.48379|52.53188
1.48363|52.53199
1.4834|52.53226
1.48329|52.53237
1.48322|52.53242
1.48314|52.53246
1.48302|52.5325
1.4825|52.53263
1.48235|52.53268
1.48224|52.53274
1.48206|52.53286
1.48188|52.53306
1.48183|52.5332
1.48186|52.53394
1.48184|52.53409
1.48159|52.53495
1.48152|52.53512
1.4813|52.53548
1.48112|52.53564
1.48101|52.53577
1.48086|52.53602
1.48068|52.5365
1.48063|52.53666
1.4806|52.53693
1.48059|52.53697
1.48058|52.53751
1.4806|52.53763
1.48073|52.53802
1.48081|52.53819
1.48084|52.53824
1.48085|52.53828
1.48088|52.53836
1.48102|52.53862
1.48108|52.53879
1.48109|52.53899
1.48108|52.53913
1.48106|52.53923
1.48099|52.53932
1.48107|52.53941
1.48107|52.53949
1.48105|52.53959
1.48101|52.53968
1.48098|52.53978
1.48095|52.53992
1.48089|52.54057
1.4809|52.5409
1.48098|52.54147
1.48113|52.54148
1.48129|52.54147
1.48204|52.54136
1.4828|52.54144
1.4841|52.54152
1.48435|52.54155
1.48495|52.54167
1.48607|52.54206
1.48705|52.54244
1.48799|52.54284
1.4892|52.54327
1.48944|52.54333
1.48952|52.54336
1.49029|52.5435
1.4908|52.54357
1.49252|52.54372
1.49361|52.5439
1.49634|52.54449
1.49675|52.5446
1.50002|52.54571
1.50066|52.54595
1.50107|52.54614
1.50181|52.54654
1.50196|52.54665
1.50293|52.54756
1.50351|52.54796
1.50438|52.54847
1.50505|52.54896
1.50555|52.54928
1.50638|52.54975
1.50693|52.55001
1.51067|52.55156
1.51132|52.55174
1.51198|52.55184
1.51246|52.55189
1.51251|52.5519
1.51388|52.55204
1.51606|52.55242
1.51654|52.55248
1.51666|52.55248
1.51678|52.55249
1.51651|52.55278
1.51633|52.55295
1.51612|52.55311
1.51573|52.55344
1.51561|52.55352
1.51557|52.55356
1.51544|52.55366
1.51505|52.55389
1.51422|52.55426
1.51398|52.55434
1.51387|52.55436
1.51375|52.55437
1.51204|52.55436
1.51168|52.5544
1.51094|52.55443
1.50929|52.55427
1.50876|52.55419
1.50763|52.55408
1.50746|52.55408
1.50729|52.55412
1.50727|52.55412
1.50683|52.55404
1.503|52.55347
1.50279|52.55345
1.50225|52.55337
1.50166|52.55323
1.50143|52.55315
1.50082|52.5529
1.50027|52.55265
1.49985|52.55239
1.49982|52.55236
1.49981|52.55233
1.4995|52.55223
1.49914|52.55217
1.49811|52.55204
1.49755|52.552
1.49486|52.55195
1.49394|52.55189
1.49232|52.5517
1.48992|52.55137
1.48986|52.55137
1.489|52.55128
1.48858|52.55121
1.4883|52.55113
1.48768|52.5509
1.48665|52.55037
1.48578|52.54997
1.48563|52.54992
1.48553|52.5499
1.48543|52.54989
1.48508|52.54991
1.48409|52.55007
1.48368|52.55016
1.48335|52.55026
1.48258|52.55044
1.48258|52.55045
1.48045|52.55092
1.47937|52.55113
1.47922|52.55115
1.47809|52.55136
1.47676|52.55156
1.47659|52.55157
1.47656|52.55156
1.47652|52.55154
1.47591|52.5524
1.4759|52.55243
1.47586|52.55248
1.47581|52.5526
1.47544|52.55332
1.4753|52.55363
1.47526|52.5537
1.47518|52.55393
1.47516|52.55405
1.47518|52.55421
1.4753|52.55451
1.4753|52.55452
1.4755|52.55484
1.4755|52.55485
1.47587|52.55534
1.47615|52.55566
1.47341|52.55641
1.47331|52.55647
1.4729|52.55728
1.47268|52.55782
1.47246|52.55852
1.47225|52.55907
1.47211|52.55937
1.47201|52.55951
1.472|52.55955
1.47184|52.55998
1.47189|52.56217
1.47187|52.56226
1.4718|52.5623
1.4717|52.56232
1.46727|52.56247
1.46701|52.56252
1.46662|52.56263
1.46595|52.56286
1.46504|52.56323
1.46459|52.56347
1.46397|52.56394
1.46343|52.56438
1.46342|52.5644
1.46284|52.56481
1.46257|52.56495
1.46228|52.56508
1.46214|52.56513
1.46096|52.56564
1.4604|52.56583
1.46016|52.56588
1.45988|52.56596
1.45962|52.56601
1.45958|52.56601
1.45901|52.56611
1.45843|52.56619
1.45377|52.56664
1.45107|52.56685
1.45083|52.56688
1.44754|52.56715
1.4474|52.56715
1.44723|52.56713
1.44703|52.56708
1.447|52.56708
1.44637|52.5669
1.44603|52.56756
1.4458|52.56796
1.44552|52.56854
1.44547|52.56861
1.44543|52.56869
1.44499|52.56914
1.44491|52.56919
1.44466|52.56931
1.44436|52.56942
1.44435|52.56942
1.44422|52.56948
1.44412|52.56954
1.44404|52.5696
1.44394|52.56971
1.44234|52.56937
1.44173|52.56927
1.44123|52.56921
1.44078|52.5691
1.44022|52.569
1.44078|52.5691
1.44123|52.56921
1.44173|52.56927
1.44234|52.56937
1.44394|52.56971
1.44482|52.56994
1.44535|52.57011
1.44582|52.57039
1.44605|52.57061
1.44615|52.57074
1.44617|52.57078
1.44623|52.57086
1.44637|52.57122
1.44643|52.57135
1.4466|52.57156
1.44664|52.57163
1.44689|52.57195
1.44581|52.57237
1.44573|52.57241
1.44552|52.57249
1.44505|52.57275
1.44484|52.57288
1.44411|52.57327
1.44396|52.57336
1.44308|52.57381
1.44293|52.57385
1.44282|52.57389
1.44279|52.57392
1.44275|52.57395
1.44268|52.57398
1.4394|52.57474
1.43849|52.57498
1.43817|52.57508
1.43795|52.57518
1.43769|52.57527
1.43768|52.57528
1.43743|52.57537
1.43725|52.57545
1.43694|52.57565
1.43653|52.57588
1.43625|52.57597
1.43616|52.57603
1.43611|52.57608
1.43609|52.57611
1.43592|52.57622
1.4357|52.5761
1.43556|52.57601
1.43535|52.57592
1.43532|52.57595
1.43527|52.57598
1.43456|52.57627
1.43375|52.57655
1.43371|52.57657
1.43367|52.5766
1.43365|52.57662
1.43364|52.57665
1.43364|52.57668
1.43366|52.57675
1.43378|52.57692
1.43381|52.57695
1.43389|52.57701
1.43404|52.57707
1.43417|52.57714
1.4353|52.57853
1.43532|52.57858
1.43533|52.57862
1.43533|52.57865
1.43532|52.57867
1.43532|52.57868
1.43529|52.57871
1.43522|52.57875
1.43509|52.57879
1.43409|52.57898
1.43334|52.5792
1.4333|52.57923
1.43328|52.57926
1.43327|52.57931
1.43341|52.57959
1.43343|52.57964
1.43361|52.57998
1.43362|52.57999
1.43414|52.58076
1.43441|52.58122
1.43476|52.5817
1.43486|52.5818
1.435|52.58197
1.43516|52.58212
1.43535|52.58227
1.43584|52.58253
1.43604|52.5826
1.43633|52.58264
1.43654|52.58261
1.43722|52.5822
1.43727|52.58229
1.43733|52.58243
1.43751|52.58271
1.43758|52.58287
1.4378|52.58382
1.43784|52.5842
1.43788|52.58521
1.4379|52.58533
1.43794|52.58548
1.43819|52.58618
1.43821|52.5863
1.43822|52.5865
1.43821|52.58663
1.43817|52.58678
1.4381|52.58695
1.43778|52.5875
1.43728|52.58827
1.4371|52.58851
1.4369|52.58874
1.43666|52.58894
1.43623|52.58918
1.43606|52.58924
1.43531|52.58946
1.43477|52.58959
1.43399|52.58971
1.43363|52.58974
1.43238|52.58977
1.43089|52.58988
1.43068|52.58988
1.43024|52.58991
1.43002|52.58994
1.42944|52.59005
1.42919|52.59005
1.42904|52.59003
1.42878|52.58995
1.4278|52.58974
1.42592|52.58924
1.42581|52.5892
1.42526|52.58907
1.42393|52.58885
1.42286|52.58862
1.42197|52.58847
1.42126|52.58838
1.42125|52.58837
1.41918|52.58806
1.41644|52.5876
1.41508|52.5874
1.41486|52.58734
1.41464|52.58725
1.41413|52.58697
1.41351|52.58657
1.41325|52.58642
1.41307|52.5863
1.41268|52.58601
1.4126|52.58596
1.41228|52.58587
1.41159|52.58574
1.41045|52.5856
1.41012|52.58553
1.40926|52.58528
1.40907|52.58526
1.409|52.58526
1.40886|52.58528
1.40868|52.58533
1.4086|52.58542
1.4085|52.58551
1.4081|52.58608
1.40802|52.58615
1.40779|52.5863
1.40722|52.58658
1.40669|52.58694
1.40676|52.58766
1.40677|52.58771
1.40675|52.58779
1.40669|52.58792
1.40657|52.5881
1.40651|52.58817
1.40643|52.58828
1.40632|52.58851
1.40628|52.58865
1.40628|52.58869
1.40621|52.58941
1.40615|52.58977
1.40606|52.59001
1.40592|52.59029
1.40592|52.59031
1.40577|52.59059
1.40538|52.59125
1.40535|52.59133
1.4053|52.59154
1.40532|52.59239
1.40539|52.59329
1.4054|52.5933
1.4054|52.59385
1.40543|52.59418
1.40556|52.5947
1.40557|52.59472
1.40568|52.59513
1.40574|52.59544
1.40612|52.59695
1.40623|52.59731
1.40626|52.59736
1.40633|52.59752
1.40634|52.59753
1.40682|52.59838
1.40692|52.59879
1.40698|52.59918
1.407|52.59962
1.40701|52.59964
1.40699|52.59977
1.40699|52.5998
1.40698|52.59986
1.40695|52.59997
1.40695|52.59998
1.40677|52.60034
1.40656|52.6009
1.40652|52.60103
1.40645|52.60117
1.40644|52.6012
1.4063|52.60142
1.406|52.6018
1.40585|52.60202
1.40567|52.60242
1.40563|52.60255
1.40556|52.60272
1.40555|52.60277
1.40526|52.60334
1.40495|52.60428
1.40492|52.60433
1.40488|52.60438
1.40482|52.60442
1.40476|52.60447
1.40462|52.60453
1.40455|52.60455
1.40448|52.60456
1.40321|52.60486
1.403|52.6049
1.40262|52.605
1.40278|52.60518
1.40309|52.60541
1.40393|52.60588
1.40407|52.60597
1.40418|52.60606
1.40428|52.60616
1.40452|52.60646
1.40461|52.60655
1.40452|52.60646
1.40428|52.60616
1.40418|52.60606
1.40407|52.60597
1.40393|52.60588
1.40309|52.60541
1.40278|52.60518
1.40233|52.60468
1.40222|52.60454
1.40199|52.60421
1.40133|52.6034
1.40101|52.60297
1.40078|52.60272
1.40038|52.60243
1.40024|52.60231
1.40016|52.60221
1.39949|52.6015
1.39928|52.60132
1.39917|52.60124
1.39893|52.60112
1.39818|52.60093
1.39774|52.60078
1.39741|52.60065
1.39671|52.60032
1.39629|52.60014
1.39601|52.60005
1.39416|52.5996
1.39414|52.59959
1.3939|52.59951
1.39341|52.59931
1.39253|52.5989
1.39222|52.59877
1.39184|52.59863
1.39157|52.59855
1.38981|52.59814
1.38913|52.59795
1.38862|52.59777
1.38822|52.5976
1.38802|52.59749
1.38665|52.59836
1.38656|52.5984
1.38636|52.59845
1.38496|52.59873
1.38482|52.59875
1.38426|52.59889
1.38419|52.5989
1.3837|52.59901
1.38318|52.59896
1.38312|52.59896
1.38308|52.59895
1.38283|52.59892
1.38257|52.59886
1.38255|52.59886
1.38229|52.59879
1.38228|52.59878
1.38214|52.59875
1.38201|52.5987
1.38137|52.59851
1.38114|52.59842
1.38112|52.59842
1.381|52.59839
1.38077|52.59835
1.38045|52.59833
1.37966|52.59834
1.37938|52.59838
1.37916|52.59843
1.37891|52.59851
1.37848|52.59857
1.37766|52.5986
1.37754|52.59862
1.37742|52.59863
1.37708|52.59869
1.37697|52.5987
1.37651|52.59878
1.37524|52.59893
1.37488|52.59893
1.37463|52.59891
1.37416|52.5989
1.37372|52.59893
1.37351|52.59896
1.3733|52.59901
1.37321|52.59902
1.37251|52.59922
1.37248|52.59922
1.3713|52.59964
1.37095|52.59975
1.37094|52.59975
1.37089|52.59977
1.3708|52.59978
1.3707|52.5998
1.37061|52.5998
1.37027|52.59983
1.37013|52.59987
1.37012|52.59987
1.37004|52.59989
1.36988|52.59995
1.36955|52.6001
1.36947|52.60016
1.3694|52.6002
1.36934|52.60026
1.36913|52.60041
1.36907|52.60044
1.36903|52.60047
1.36902|52.60047
1.36886|52.60054
1.36877|52.60056
1.36859|52.60056
1.36847|52.60055
1.36791|52.60041
1.36765|52.60033
1.36758|52.6003
1.36751|52.60028
1.36739|52.60022
1.36702|52.60007
1.36682|52.60001
1.36676|52.60001
1.36669|52.6
1.36652|52.6
1.36584|52.60006
1.36554|52.60006
1.36537|52.60001
1.36532|52.59998
1.36522|52.59989
1.36513|52.59976
1.36508|52.59966
1.36502|52.59943
1.36494|52.59926
1.36488|52.59916
1.36481|52.59908
1.36477|52.59906
1.36473|52.59903
1.36463|52.59899
1.36449|52.59896
1.36388|52.59887
1.36382|52.59885
1.36379|52.59882
1.36377|52.59881
1.36368|52.59857
1.3635|52.59795
1.36373|52.59794
1.36432|52.59787
1.36501|52.59773
1.36535|52.59763
1.3655|52.5976
1.36614|52.59741
1.36638|52.59736
1.36643|52.59734
1.36727|52.59715
1.36746|52.59712
1.36833|52.59693
1.36838|52.59691
1.36978|52.59662
1.37051|52.5965
1.3709|52.59641
1.37092|52.59641
1.37107|52.59638
1.3727|52.59596
1.3734|52.59575
1.3738|52.59561
1.3743|52.59546
1.3757|52.59514
1.37671|52.59495
1.37838|52.59472
1.37932|52.59463
1.38155|52.59447
1.38181|52.59447
1.38349|52.59459
1.38461|52.59471
1.38536|52.59476
1.38554|52.5948
1.3857|52.5946
1.38748|52.59302
1.38808|52.59225
1.38848|52.59182
1.38857|52.59167
1.38878|52.59107
1.3889|52.59084
1.3889|52.59083
1.38901|52.59068
1.38909|52.59054
1.38913|52.59045
1.38915|52.59029
1.38917|52.58963
1.38918|52.58958
1.38924|52.58954
1.3893|52.58951
1.38938|52.58948
1.3895|52.58946
1.39174|52.58949
1.39218|52.58948
1.39384|52.58938
1.39402|52.58935
1.39467|52.58918
1.39545|52.58892
1.39585|52.58877
1.39644|52.58852
1.39696|52.58833
1.39759|52.58814
1.39938|52.58767
1.39979|52.5876
1.39985|52.5876
1.40039|52.58755
1.40327|52.58748
1.40374|52.5875
1.40432|52.58757
1.4051|52.58769
1.40526|52.5877
1.40548|52.5877
1.4056|52.58769
1.4057|52.58766
1.4058|52.58762
1.40591|52.58754
1.40606|52.58739
1.40638|52.58714
1.40722|52.58658
1.40779|52.5863
1.40802|52.58615
1.4081|52.58608
1.4085|52.58551
1.4086|52.58542
1.40868|52.58533
1.40896|52.58493
1.40897|52.58419
1.40906|52.58401
1.40933|52.58353
1.40936|52.58345
1.40937|52.58339
1.40939|52.58333
1.40948|52.58279
1.40956|52.58258
1.41046|52.58098
1.41054|52.58086
1.41064|52.58075
1.41073|52.58069
1.41084|52.58063
1.41109|52.58058
1.41122|52.58057
1.41136|52.58057
1.41264|52.58065
1.41285|52.58063
1.41301|52.5806
1.41311|52.58057
1.41318|52.58053
1.41326|52.58047
1.41337|52.58035
1.41346|52.5802
1.41351|52.58009
1.41355|52.57997
1.41361|52.57972
1.41361|52.57963
1.4136|52.57952
1.41358|52.57944
1.41348|52.57926
1.41339|52.57917
1.41315|52.57898
1.4131|52.5789
1.41307|52.57854
1.41306|52.57852
1.41308|52.57795
1.41306|52.57764
1.41307|52.57741
1.4131|52.57728
1.41317|52.57717
1.41328|52.57704
1.41332|52.57698
1.41338|52.57684
1.41344|52.57636
1.41348|52.57614
1.41365|52.57553
1.41414|52.57404
1.41414|52.57393
1.41413|52.57381
1.41412|52.57376
1.4141|52.5737
1.41378|52.57318
1.41371|52.57302
1.41368|52.57286
1.41364|52.57196
1.4137|52.57189
1.41374|52.57177
1.41378|52.57168
1.41384|52.57158
1.41424|52.57135
1.41452|52.57121
1.41482|52.57109
1.41528|52.57095
1.41546|52.57092
1.41668|52.57089
1.41787|52.57079
1.41972|52.57055
1.42062|52.57047
1.42169|52.57044
1.42199|52.57045
1.42233|52.57048
1.42267|52.57055
1.42296|52.57059
1.42321|52.57061
1.42465|52.57063
1.42489|52.57062
1.42557|52.57055
1.42574|52.57055
1.42718|52.57078
1.42747|52.57081
1.4277|52.57081
1.428|52.57083
1.42914|52.57081
1.42991|52.57071
1.43001|52.57069
1.43012|52.57065
1.43021|52.57056
1.43029|52.57045
1.4303|52.57043
1.43032|52.57028
1.43022|52.57005
1.42977|52.56966
1.42967|52.56953
1.42963|52.56946
1.42963|52.56923
1.42965|52.56904
1.42966|52.569
1.4296|52.56873
1.42947|52.56827
1.42916|52.56759
1.42907|52.56725
1.42903|52.56713
1.42894|52.56665
1.42892|52.56623
1.42893|52.56604
1.42897|52.56581
1.42918|52.56521
1.42923|52.56504
1.42926|52.56488
1.42925|52.56469
1.4292|52.56448
1.42908|52.5641
1.42907|52.56405
1.42905|52.564
1.42905|52.56392
1.42907|52.56384
1.42911|52.56379
1.42915|52.56375
1.4299|52.56341
1.43015|52.56324
1.43026|52.56315
1.43052|52.56291
1.43054|52.5629
1.4312|52.56229
1.43164|52.56181
1.43223|52.56111
1.43242|52.56084
1.43252|52.5606
1.43259|52.5604
1.43269|52.55969
1.43271|52.55933
1.4327|52.55892
1.43267|52.55875
1.43268|52.55835
1.43272|52.55795
1.43283|52.55723
1.43283|52.5571
1.43281|52.55706
1.4327|52.55694
1.43314|52.55668
1.43305|52.55662
1.43302|52.55659
1.43299|52.55655
1.43297|52.5565
1.43297|52.55641
1.43299|52.5563
1.43292|52.55612
1.43287|52.55602
1.43273|52.55587
1.43154|52.55522
1.43054|52.55491
1.43018|52.55472
1.42993|52.55456
1.42978|52.55443
1.42972|52.55432
1.42971|52.55414
1.42972|52.55396
1.42976|52.55367
1.43017|52.55357
1.43047|52.55353
1.43134|52.55345
1.4321|52.55334
1.43222|52.55333
1.43295|52.55319
1.43354|52.55305
1.43376|52.55301
1.43382|52.55301
1.43451|52.55295
1.43471|52.55291
1.43575|52.55264
1.43657|52.55239
1.43718|52.55226
1.43847|52.55203
1.43873|52.55196
1.43912|52.55181
1.43954|52.5517
1.44005|52.55163
1.44013|52.55163
1.44077|52.55158
1.44136|52.55158
1.44234|52.55143
1.44274|52.55135
1.44277|52.55134
1.44279|52.55134
1.44392|52.55113
1.44373|52.55049
1.44357|52.55007
1.44346|52.54985
1.44341|52.54978
1.44332|52.54973
1.44326|52.54971
1.44306|52.54968
1.44301|52.54966
1.44298|52.54964
1.44298|52.54963
1.44294|52.5496
1.44292|52.54955
1.44274|52.54871
1.44274|52.54854
1.44277|52.54818
1.44277|52.5481
1.44274|52.54779
1.44265|52.54744
1.4425|52.5471
1.44173|52.54613
1.44134|52.54576
1.44074|52.54527
1.44071|52.54524
1.44069|52.5452
1.43989|52.54514
1.43977|52.54514
1.43956|52.54497
1.4395|52.5449
1.43947|52.54455
1.43946|52.54425
1.4395|52.54409
1.43957|52.54395
1.43965|52.54382
1.43973|52.54363
1.43974|52.54362
1.43978|52.54345
1.43978|52.54326
1.43974|52.54303
1.43961|52.54267
1.43956|52.54248
1.43957|52.54234
1.4396|52.54221
1.4396|52.54211
1.43959|52.542
1.43953|52.54185
1.43943|52.54172
1.43922|52.54152
1.43895|52.54132
1.43869|52.54118
1.43845|52.541
1.4383|52.5408
1.43824|52.54067
1.4382|52.54055
1.43818|52.54043
1.43817|52.54016
1.4382|52.53992
1.43826|52.53964
1.43834|52.53936
1.43859|52.53861
1.43867|52.53841
1.43867|52.53839
1.43889|52.5379
1.43934|52.537
1.43943|52.53686
1.43995|52.53689
1.44408|52.53698
1.44413|52.53699
1.44641|52.53712
1.44686|52.53716
1.44715|52.53712
1.44729|52.53706
1.44732|52.53704
1.44769|52.53686
1.44895|52.53618
1.44972|52.53581
1.45009|52.5357
1.45026|52.53566
1.45055|52.53563
1.45213|52.53556
1.45276|52.53559
1.45288|52.53558
1.45298|52.53556
1.45304|52.53554
1.45308|52.53552
1.4532|52.53542
1.45364|52.53499
1.4538|52.53486
1.45432|52.53451
1.45448|52.53442
1.45457|52.53438
1.45462|52.53435
1.45507|52.53419
1.45508|52.53419
1.45539|52.53404
1.45617|52.53359
1.45619|52.53357
1.45663|52.53329
1.45686|52.53311
1.45697|52.53301
1.45721|52.53276
1.45733|52.53266
1.45751|52.53256
1.4575|52.53243
1.4569|52.53142
1.45668|52.5311
1.45646|52.53087
1.45574|52.53023
1.45552|52.53009
1.45537|52.53003
1.45512|52.52997
1.45439|52.52983
1.45437|52.52983
1.45413|52.52977
1.45348|52.52953
1.45287|52.52926
1.45279|52.52921
1.45271|52.52917
1.45266|52.52913
1.45056|52.52942
1.45035|52.52943
1.45029|52.52944
1.44861|52.52948
1.45029|52.52944
1.45035|52.52943
1.45056|52.52942
1.45266|52.52913
1.45262|52.5291
1.45257|52.52899
1.45256|52.52894
1.45257|52.52887
1.45261|52.52876
1.45271|52.52862
1.45361|52.52775
1.45324|52.52766
1.45197|52.52726
1.45159|52.52712
1.4512|52.52706
1.45107|52.52706
1.45088|52.52708
1.45034|52.5272
1.45007|52.52724
1.44986|52.52724
1.44961|52.52722
1.44933|52.52718
1.44877|52.52707
1.44834|52.52701
1.44788|52.52697
1.44481|52.5269
1.44448|52.52691
1.44408|52.52695
1.44238|52.52728
1.44058|52.52752
1.44048|52.52756
1.44033|52.52759
1.44033|52.5276
1.44029|52.52765
1.44028|52.52767
1.44003|52.52782
1.43992|52.52786
1.43953|52.52795
1.43946|52.52795
1.43939|52.52796
1.43713|52.528
1.43708|52.52801
1.43646|52.52802
1.43595|52.52796
1.43503|52.5277
1.4346|52.52763
1.43427|52.52761
1.43409|52.52762
1.43384|52.52765
1.43311|52.52781
1.43306|52.52783
1.4327|52.52793
1.43017|52.52892
1.43009|52.52896
1.42907|52.52936
1.42882|52.52944
1.428|52.52962
1.42756|52.52975
1.4272|52.52988
1.42577|52.5303
1.42559|52.53037
1.42524|52.53054
1.42501|52.53063
1.42429|52.53096
1.42398|52.53105
1.4238|52.53108
1.42341|52.53112
1.42278|52.53114
1.42257|52.53116
1.42226|52.53116
1.42223|52.53115
1.42069|52.53101
1.42035|52.53096
1.41997|52.53088
1.41987|52.53084
1.41975|52.53077
1.41958|52.53065
1.41944|52.53058
1.41958|52.53065
1.41975|52.53077
1.41987|52.53084
1.41997|52.53088
1.42035|52.53096
1.42069|52.53101
1.42223|52.53115
1.42229|52.5314
1.42311|52.53406
1.42339|52.53472
1.42412|52.5362
1.4242|52.53644
1.42423|52.53656
1.42434|52.53724
1.42442|52.53754
1.42455|52.53787
1.42488|52.5384
1.42498|52.53851
1.42511|52.53861
1.42518|52.53865
1.42537|52.53873
1.42581|52.53886
1.42604|52.53891
1.42682|52.53901
1.42734|52.53912
1.42756|52.53922
1.42775|52.53942
1.4278|52.53953
1.42805|52.54045
1.42805|52.54053
1.42801|52.54065
1.42801|52.54066
1.42794|52.54079
1.42791|52.54082
1.42785|52.54091
1.42773|52.54103
1.42759|52.54109
1.4255|52.54174
1.42187|52.54275
1.4216|52.5428
1.42148|52.5428
1.42137|52.54279
1.4213|52.54277
1.42126|52.54277
1.42067|52.54257
1.42052|52.54253
1.42036|52.54251
1.42007|52.54251
1.41967|52.54253
1.41936|52.54257
1.4192|52.5426
1.41896|52.54266
1.41889|52.5427
1.41884|52.54275
1.41881|52.5428
1.41872|52.54301
1.41854|52.54335
1.41844|52.54357
1.41841|52.54366
1.4184|52.54373
1.41842|52.54379
1.41843|52.54385
1.41845|52.5439
1.41845|52.54392
1.41851|52.54411
1.41852|52.54418
1.41851|52.5443
1.41843|52.54452
1.41843|52.54461
1.41847|52.54482
1.41852|52.545
1.41901|52.54617
1.4184|52.54625
1.41697|52.54649
1.4159|52.54674
1.41472|52.54685
1.41444|52.5469
1.41441|52.5469
1.41411|52.54696
1.41382|52.547
1.41307|52.54707
1.41176|52.54728
1.41148|52.54735
1.40956|52.54726
1.40895|52.54728
1.40882|52.54731
1.40646|52.54803
1.40641|52.54804
1.40602|52.54816
1.40543|52.5484
1.4053|52.54848
1.40521|52.54855
1.40499|52.54855
1.40473|52.54823
1.40452|52.54793
1.4044|52.5478
1.40436|52.54777
1.4043|52.54774
1.40417|52.54769
1.40399|52.54768
1.40373|52.5477
1.40337|52.54775
1.40322|52.54776
1.40297|52.54776
1.40154|52.5476
1.4012|52.54759
1.39935|52.54768
1.39915|52.5477
1.39897|52.54775
1.39885|52.5478
1.3987|52.54789
1.39854|52.54801
1.39832|52.54821
1.39816|52.54832
1.39816|52.54833
1.39798|52.54839
1.39748|52.54851
1.39731|52.54859
1.39717|52.54867
1.39716|52.54868
1.39695|52.54879
1.39693|52.54879
1.39668|52.54886
1.39625|52.54889
1.39606|52.54888
1.39564|52.54888
1.39398|52.54878
1.39349|52.54877
1.39341|52.54878
1.39299|52.54879
1.39251|52.54884
1.39122|52.54911
1.39043|52.54925
1.38852|52.54943
1.38817|52.54948
1.38803|52.54952
1.38788|52.54958
1.38761|52.54967
1.38728|52.5498
1.38688|52.5499
1.3868|52.54991
1.38669|52.54991
1.38626|52.54988
1.38607|52.54988
1.38564|52.54993
1.3852|52.55008
1.38485|52.55024
1.3847|52.55027
1.38465|52.55027
1.38453|52.55025
1.38361|52.54973
1.38347|52.5496
1.38307|52.54908
1.38284|52.54889
1.38241|52.54859
1.38237|52.54855
1.38224|52.54839
1.38217|52.54828
1.38214|52.54821
1.38211|52.54811
1.38199|52.5478
1.38194|52.5477
1.38172|52.54733
1.38171|52.54732
1.38154|52.54703
1.38143|52.54676
1.38011|52.54672
1.37966|52.54674
1.3768|52.54724
1.37411|52.54783
1.37364|52.54791
1.37343|52.54793
1.37335|52.54793
1.37312|52.54799
1.3731|52.548
1.37189|52.5482
1.37156|52.54828
1.37146|52.54833
1.37134|52.54841
1.37091|52.54878
1.37065|52.54896
1.37027|52.54913
1.36916|52.54951
1.369|52.54958
1.36899|52.54958
1.36876|52.54968
1.36845|52.54977
1.36821|52.54982
1.36827|52.55024
1.36839|52.55076
1.36842|52.55133
1.36841|52.55166
1.36582|52.55181
1.36556|52.55181
1.36489|52.55178
1.36457|52.5518
1.36398|52.55187
1.3624|52.55195
1.36014|52.55183
1.35944|52.55176
1.35937|52.55176
1.35792|52.55158
1.3579|52.55157
1.35658|52.55141
1.35601|52.55128
1.35584|52.55123
1.35567|52.55116
1.35557|52.55111
1.35545|52.55102
1.35534|52.55091
1.35518|52.5507
1.35495|52.55035
1.3546|52.5499
1.35453|52.54983
1.35448|52.54979
1.3543|52.5497
1.35356|52.5495
1.35329|52.54947
1.35222|52.54945
1.35192|52.54943
1.35152|52.54938
1.35119|52.5493
1.35152|52.54938
1.35192|52.54943
1.35222|52.54945
1.35329|52.54947
1.35356|52.5495
1.3543|52.5497
1.35448|52.54979
1.35453|52.54983
1.3546|52.5499
1.35495|52.55035
1.35518|52.5507
1.35534|52.55091
1.35545|52.55102
1.35557|52.55111
1.35567|52.55116
1.35584|52.55123
1.35601|52.55128
1.35658|52.55141
1.3579|52.55157
1.35792|52.55158
1.35937|52.55176
1.35944|52.55176
1.36014|52.55183
1.3624|52.55195
1.36398|52.55187
1.36457|52.5518
1.36489|52.55178
1.36556|52.55181
1.36582|52.55181
1.36841|52.55166
1.36827|52.55232
1.36812|52.5527
1.36784|52.5533
1.36762|52.55364
1.36751|52.55379
1.36678|52.55467
1.36636|52.55514
1.36593|52.55557
1.36537|52.55599
1.36503|52.55621
1.36499|52.55623
1.36441|52.5566
1.36496|52.55673
1.36498|52.55673
1.3654|52.55681
1.36601|52.55696
1.36639|52.55707
1.36692|52.55726
1.3675|52.55751
1.36797|52.55777
1.36811|52.55783
1.36821|52.55786
1.36835|52.55789
1.36851|52.55791
1.36863|52.55791
1.36894|52.55787
1.36947|52.55772
1.36971|52.55768
1.36988|52.55768
1.37039|52.55773
1.37071|52.55778
1.37073|52.55778
1.37128|52.55788
1.37135|52.5579
1.37183|52.55798
1.37184|52.55799
1.37254|52.55809
1.37271|52.5581
1.37301|52.55816
1.37407|52.55854
1.3742|52.55861
1.37438|52.55876
1.37445|52.55887
1.37448|52.55893
1.3745|52.55902
1.37449|52.5592
1.37445|52.55937
1.37444|52.55938
1.37439|52.55954
1.37435|52.5598
1.37434|52.56003
1.37439|52.56078
1.3744|52.56135
1.37439|52.56152
1.37437|52.56161
1.37434|52.5617
1.37428|52.56178
1.37406|52.56201
1.37398|52.56212
1.37394|52.5622
1.37393|52.56228
1.37395|52.56236
1.37399|52.56243
1.37412|52.56259
1.37429|52.56274
1.37432|52.56276
1.37434|52.56276
1.37443|52.56279
1.37473|52.56295
1.37475|52.56297
1.3748|52.563
1.37489|52.56308
1.3756|52.56379
1.37566|52.56387
1.37567|52.56389
1.3757|52.56393
1.37575|52.56402
1.37581|52.56416
1.37587|52.56434
1.37587|52.56441
1.37588|52.56452
1.37592|52.56477
1.37592|52.56481
1.37603|52.56528
1.37638|52.5654
1.37673|52.56559
1.37704|52.56574
1.37719|52.5658
1.37746|52.56585
1.37762|52.56586
1.37792|52.56584
1.38014|52.5658
1.38033|52.56582
1.38049|52.56587
1.38068|52.56591
1.38093|52.56599
1.38139|52.5661
1.38146|52.56611
1.38137|52.56746
1.38139|52.56751
1.38143|52.56753
1.38154|52.5676
1.38155|52.56761
1.38155|52.56775
1.38157|52.56806
1.38159|52.56817
1.38196|52.5682
1.38201|52.56822
1.3822|52.56827
1.38208|52.56847
1.38198|52.5686
1.38193|52.56868
1.38189|52.56876
1.38182|52.56899
1.38175|52.56932
1.38171|52.56945
1.38169|52.56948
1.38169|52.56949
1.38155|52.56964
1.3815|52.56972
1.38145|52.56991
1.38143|52.57006
1.38144|52.57019
1.3814|52.57067
1.38127|52.57135
1.38124|52.57161
1.38122|52.5717
1.38122|52.57198
1.38111|52.57201
1.381|52.57202
1.38076|52.57202
1.38049|52.57199
1.38039|52.57199
1.38008|52.57195
1.37975|52.57193
1.37962|52.57191
1.37944|52.57191
1.37732|52.57207
1.37687|52.57212
1.3764|52.5722
1.37386|52.57271
1.37363|52.57277
1.37027|52.57346
1.37025|52.57346
1.3686|52.57385
1.36814|52.57185
1.36807|52.57168
1.36805|52.57142
1.36808|52.57092
1.36823|52.56991
1.36826|52.56942
1.36824|52.56925
1.36795|52.56927
1.36791|52.56928
1.36772|52.56929
1.36713|52.56939
1.36679|52.56947
1.36651|52.56951
1.36619|52.56959
1.36586|52.56969
1.36574|52.56971
1.3657|52.56971
1.36551|52.56973
1.3654|52.56973
1.36528|52.56974
1.36517|52.56974
1.36495|52.56976
1.36484|52.5698
1.36473|52.56986
1.36443|52.57035
1.36438|52.57041
1.36432|52.57046
1.36424|52.57049
1.36406|52.57051
1.36288|52.57049
1.362|52.57054
1.36171|52.57057
1.36056|52.57078
1.35942|52.57102
1.35821|52.57121
1.35784|52.57124
1.35765|52.57127
1.35727|52.5713
1.35628|52.57143
1.35623|52.57123
1.35587|52.57011
1.35583|52.57003
1.35573|52.56992
1.35545|52.57
1.35465|52.57028
1.35433|52.57035
1.35419|52.57035
1.35247|52.57022
1.35225|52.57018
1.35223|52.57018
1.35192|52.57007
1.35156|52.56982
1.35144|52.56959
1.35142|52.56953
1.35114|52.56793
1.35109|52.56771
1.35101|52.56749
1.35099|52.56745
1.35097|52.56743
1.35041|52.56652
1.35008|52.56611
1.3497|52.56578
1.35008|52.56611
1.35041|52.56652
1.35097|52.56743
1.35099|52.56745
1.35101|52.56749
1.35109|52.56771
1.35114|52.56793
1.35142|52.56953
1.35144|52.56959
1.35156|52.56982
1.35192|52.57007
1.35223|52.57018
1.35225|52.57018
1.35247|52.57022
1.35419|52.57035
1.35433|52.57035
1.35465|52.57028
1.35545|52.57
1.35573|52.56992
1.35583|52.57003
1.35587|52.57011
1.35623|52.57123
1.35646|52.57203
1.35662|52.57244
1.35669|52.57271
1.35691|52.57342
1.35699|52.5735
1.35703|52.57355
1.35732|52.57383
1.35744|52.57396
1.35763|52.57413
1.3584|52.57492
1.35852|52.57502
1.35862|52.57512
1.35867|52.57519
1.35872|52.57562
1.35872|52.57567
1.35873|52.57574
1.35877|52.57581
1.35897|52.57606
1.35903|52.57615
1.35904|52.57616
1.35918|52.57639
1.35923|52.57649
1.35927|52.57654
1.35937|52.57664
1.36064|52.57764
1.36097|52.57786
1.36107|52.5779
1.36122|52.57794
1.36133|52.57795
1.36141|52.57797
1.36161|52.57799
1.36179|52.57803
1.36189|52.57806
1.3619|52.57806
1.36243|52.5783
1.36259|52.57839
1.36276|52.57855
1.36289|52.57873
1.36297|52.5789
1.36308|52.57904
1.36341|52.57934
1.36436|52.58003
1.36579|52.58094
1.36579|52.58095
1.36677|52.58156
1.36681|52.58159
1.36711|52.58176
1.36733|52.58187
1.3675|52.58193
1.3681|52.5821
1.36844|52.58217
1.3687|52.58226
1.36876|52.5823
1.36881|52.58232
1.36899|52.58243
1.36902|52.58246
1.3692|52.58258
1.36921|52.58259
1.36933|52.58266
1.36992|52.58292
1.37019|52.58306
1.37034|52.58315
1.36932|52.58324
1.3691|52.5833
1.36884|52.58339
1.36879|52.5834
1.36853|52.58348
1.36825|52.58354
1.36766|52.58354
1.36737|52.58356
1.36703|52.5836
1.36668|52.58362
1.36619|52.58362
1.36506|52.58354
1.36375|52.5834
1.3635|52.58336
1.36264|52.58315
1.36244|52.58309
1.36199|52.5829
1.36161|52.58277
1.36145|52.58273
1.36114|52.5827
1.36078|52.58269
1.35926|52.58278
1.35851|52.58273
1.35819|52.58269
1.35782|52.58262
1.35763|52.58257
1.35758|52.58255
1.35753|52.58254
1.35744|52.58251
1.35734|52.58245
1.35705|52.58232
1.35585|52.58206
1.35577|52.58205
1.3557|52.58203
1.35547|52.582
1.35543|52.582
1.35525|52.58202
1.35519|52.58205
1.35469|52.5825
1.35439|52.58272
1.35365|52.58321
1.35353|52.5833
1.35339|52.58336
1.35318|52.58342
1.3531|52.58343
1.35291|52.58343
1.35267|52.58341
1.3523|52.58334
1.35224|52.58332
1.35209|52.58329
1.352|52.58325
1.35183|52.58319
1.35151|52.58302
1.35134|52.58286
1.35113|52.5827
1.35086|52.58252
1.35041|52.58225
1.35005|52.58206
1.34983|52.58193
1.34978|52.58191
1.34863|52.58114
1.34696|52.58019
1.34687|52.58012
1.34435|52.57855
1.34431|52.57852
1.34419|52.57845
1.34354|52.57802
1.34226|52.57725
1.34169|52.57688
1.3416|52.57683
1.34149|52.57673
1.34146|52.57668
1.34143|52.57659
1.34135|52.5766
1.34131|52.5766
1.34129|52.57659
1.34119|52.57656
1.34102|52.57647
1.34084|52.57629
1.34085|52.57629
1.34087|52.57627
1.34088|52.57627
1.34092|52.57623
1.34094|52.57618
1.34094|52.57617
1.34091|52.57611
1.3409|52.5761
1.34088|52.57609
1.34086|52.57607
1.34081|52.57605
1.34078|52.57605
1.34076|52.57604
1.34064|52.57604
1.34052|52.57609
1.34051|52.57611
1.34049|52.57613
1.34047|52.57617
1.34047|52.57618
1.34048|52.5762
1.34048|52.57622
1.34049|52.57624
1.34051|52.57625
1.34052|52.57627
1.34056|52.57629
1.34059|52.5763
1.34014|52.57683
1.33986|52.57713
1.33962|52.57745
1.33912|52.57802
1.33881|52.57843
1.33848|52.57876
1.33825|52.57904
1.33698|52.58044
1.3355|52.58218
1.33542|52.58226
1.33469|52.58314
1.33466|52.58316
1.33387|52.58409
1.33382|52.58416
1.33347|52.58458
1.33325|52.58482
1.33127|52.58717
1.32988|52.58869
1.32983|52.58877
1.32972|52.58891
1.32963|52.58905
1.32951|52.58933
1.32928|52.58928
1.32642|52.58902
1.32598|52.589
1.32565|52.58902
1.32464|52.58915
1.32361|52.58934
1.32343|52.5894
1.32332|52.58945
1.32325|52.58953
1.32321|52.58963
1.32321|52.58972
1.32322|52.58982
1.32325|52.58997
1.32325|52.59005
1.32322|52.59012