1.11504|52.56757
1.11505|52.56762
1.11505|52.5678
1.11532|52.56785
1.1155|52.5679
1.11559|52.56795
1.11617|52.56816
1.11613|52.56833
1.11611|52.56851
1.11609|52.56858
1.11608|52.56884
1.11613|52.56927
1.11632|52.56975
1.11635|52.5698
1.11635|52.56987
1.11633|52.56997
1.11625|52.57008
1.11645|52.57014
1.11672|52.57018
1.11725|52.57018
1.12171|52.57048
1.12217|52.57049
1.12445|52.57039
1.12527|52.5703
1.12527|52.57031
1.12528|52.57034
1.12531|52.57039
1.12538|52.57042
1.12542|52.57043
1.1255|52.57043
1.12557|52.57041
1.12563|52.57038
1.12565|52.57036
1.12566|52.57034
1.12566|52.5703
1.12565|52.57026
1.12605|52.5701
1.12621|52.57002
1.12669|52.56983
1.12726|52.56966
1.12798|52.56949
1.1304|52.56905
1.13202|52.56862
1.1322|52.56859
1.13236|52.56855
1.13334|52.56839
1.13346|52.56838
1.13441|52.56824
1.13442|52.56825
1.13442|52.56826
1.13443|52.56827
1.13443|52.56828
1.13445|52.5683
1.13446|52.5683
1.13448|52.56832
1.13449|52.56832
1.13451|52.56834
1.13452|52.56834
1.13454|52.56835
1.13457|52.56835
1.13458|52.56836
1.13473|52.56836
1.13474|52.56835
1.13475|52.56835
1.13477|52.56834
1.13478|52.56834
1.13479|52.56833
1.1348|52.56833
1.13481|52.56832
1.13483|52.56832
1.13484|52.56831
1.13484|52.5683
1.13486|52.56828
1.13487|52.56828
1.13487|52.56827
1.13488|52.56826
1.13488|52.56823
1.13489|52.56822
1.13489|52.56821
1.13488|52.5682
1.13488|52.56819
1.13501|52.56816
1.13631|52.56798
1.13631|52.56799
1.13632|52.568
1.13632|52.56801
1.13633|52.56801
1.13633|52.56802
1.13635|52.56804
1.13636|52.56804
1.13638|52.56806
1.13639|52.56806
1.1364|52.56807
1.13641|52.56807
1.13642|52.56808
1.13643|52.56808
1.13645|52.56809
1.1365|52.56809
1.13651|52.5681
1.13656|52.5681
1.13658|52.56809
1.13662|52.56809
1.13663|52.56808
1.13666|52.56808
1.13667|52.56807
1.13668|52.56807
1.1367|52.56805
1.13671|52.56805
1.13673|52.56803
1.13674|52.56803
1.13674|52.56802
1.13676|52.568
1.13676|52.56799
1.13677|52.56798
1.13677|52.56794
1.13676|52.56793
1.13676|52.56792
1.13713|52.56784
1.13734|52.56781
1.13766|52.56774
1.13838|52.56751
1.13855|52.56766
1.13903|52.56796
1.13948|52.5683
1.1398|52.5685
1.1402|52.56868
1.14047|52.56877
1.1424|52.56922
1.14269|52.56931
1.14333|52.56958
1.14513|52.57045
1.14602|52.57083
1.14616|52.57088
1.15239|52.57348
1.15244|52.57351
1.15276|52.57363
1.1537|52.57384
1.1538|52.57385
1.15505|52.57407
1.15556|52.57414
1.15679|52.57419
1.1588|52.5742
1.16296|52.57458
1.16521|52.57488
1.16692|52.57517
1.16801|52.57541
1.16803|52.57541
1.1682|52.57545
1.16941|52.57562
1.17433|52.57642
1.17857|52.57721
1.17997|52.57751
1.18391|52.57824
1.18439|52.57831
1.18444|52.57833
1.18449|52.57834
1.18459|52.57839
1.18471|52.57835
1.18488|52.57827
1.18505|52.57815
1.18511|52.57809
1.18521|52.57801
1.18559|52.57758
1.18571|52.57751
1.18592|52.57747
1.1862|52.57748
1.18682|52.57759
1.18944|52.57819
1.1898|52.57821
1.19065|52.57818
1.19297|52.57829
1.19314|52.57831
1.19361|52.57789
1.19375|52.57778
1.19401|52.57764
1.19411|52.57762
1.19418|52.57762
1.1946|52.57767
1.19525|52.57782
1.19569|52.57798
1.19584|52.57805
1.19592|52.57807
1.19599|52.57808
1.19611|52.57808
1.19628|52.57806
1.19657|52.57795
1.19672|52.57786
1.19834|52.57663
1.19856|52.57644
1.19864|52.57634
1.19898|52.57582
1.19928|52.57517
1.19983|52.57371
1.20001|52.57293
1.20014|52.57253
1.20024|52.57229
1.20027|52.57215
1.20028|52.57194
1.20027|52.57175
1.20193|52.57162
1.20213|52.57162
1.20221|52.57163
1.20229|52.57163
1.20244|52.57165
1.20272|52.57173
1.20284|52.57179
1.20285|52.5718
1.20289|52.57182
1.20304|52.57193
1.20305|52.57193
1.20314|52.57201
1.20317|52.57205
1.20321|52.57209
1.20324|52.57213
1.20334|52.57234
1.20337|52.57237
1.2034|52.57241
1.20354|52.5725
1.20364|52.57253
1.20366|52.57254
1.20394|52.57258
1.20412|52.57259
1.20467|52.57259
1.20475|52.57258
1.20607|52.57255
1.20771|52.57256
1.20893|52.57252
1.20927|52.57254
1.20994|52.57264
1.21023|52.57266
1.21038|52.57268
1.21045|52.57255
1.21049|52.57245
1.21062|52.57186
1.21065|52.57182
1.21068|52.57179
1.21073|52.57176
1.21078|52.57174
1.21098|52.57171
1.21105|52.57171
1.21182|52.57179
1.2146|52.57194
1.21182|52.57179
1.21105|52.57171
1.21098|52.57171
1.21078|52.57174
1.21073|52.57176
1.21068|52.57179
1.21065|52.57182
1.21062|52.57186
1.21049|52.57245
1.21045|52.57255
1.21038|52.57268
1.21023|52.57266
1.20994|52.57264
1.20927|52.57254
1.20893|52.57252
1.20771|52.57256
1.20607|52.57255
1.20475|52.57258
1.20467|52.57259
1.20412|52.57259
1.20394|52.57258
1.20366|52.57254
1.20364|52.57253
1.20354|52.5725
1.2034|52.57241
1.20337|52.57237
1.20334|52.57234
1.20324|52.57213
1.20321|52.57209
1.20317|52.57205
1.20314|52.57201
1.20305|52.57193
1.20304|52.57193
1.20289|52.57182
1.20285|52.5718
1.20284|52.57179
1.20272|52.57173
1.20244|52.57165
1.20229|52.57163
1.20221|52.57163
1.20213|52.57162
1.20193|52.57162
1.20027|52.57175
1.20041|52.5714
1.20087|52.57042
1.20089|52.57036
1.20144|52.56915
1.20151|52.56902
1.20191|52.56814
1.20211|52.56777
1.20214|52.56769
1.20231|52.56738
1.2024|52.56709
1.2024|52.56707
1.20252|52.5666
1.20258|52.56626
1.20259|52.56577
1.20262|52.56554
1.20264|52.56548
1.20269|52.56539
1.20272|52.56537
1.20274|52.56535
1.20376|52.56473
1.20387|52.56468
1.20525|52.56387
1.20545|52.56374
1.20546|52.56373
1.20552|52.56369
1.20569|52.56351
1.20589|52.5632
1.20636|52.56209
1.20651|52.56167
1.20679|52.56062
1.20698|52.56045
1.20734|52.56018
1.20752|52.56003
1.20766|52.55989
1.20772|52.55979
1.20774|52.55971
1.20774|52.55969
1.20773|52.55965
1.20773|52.5596
1.20768|52.55946
1.20739|52.55884
1.20718|52.55845
1.20654|52.55741
1.2063|52.55689
1.20618|52.55655
1.20604|52.5563
1.2059|52.55611
1.20613|52.55608
1.20825|52.55553
1.20839|52.55551
1.20842|52.5555
1.20859|52.55548
1.20956|52.55542
1.20967|52.55547
1.20981|52.5555
1.21009|52.55553
1.2102|52.55553
1.21028|52.55552
1.2104|52.55552
1.21052|52.55551
1.21063|52.55549
1.21071|52.55549
1.21078|52.55548
1.21093|52.55548
1.211|52.55549
1.21093|52.55548
1.21078|52.55548
1.21071|52.55549
1.21063|52.55549
1.21052|52.55551
1.2104|52.55552
1.21028|52.55552
1.2102|52.55553
1.21009|52.55553
1.20981|52.5555
1.20967|52.55547
1.20956|52.55542
1.20859|52.55548
1.20842|52.5555
1.20839|52.55551
1.20825|52.55553
1.20613|52.55608
1.2059|52.55611
1.20582|52.55599
1.20578|52.55587
1.20569|52.55519
1.20554|52.55459
1.20549|52.55419
1.20546|52.55403
1.20541|52.55389
1.20536|52.55379
1.20527|52.55366
1.20483|52.55318
1.20477|52.55308
1.20473|52.55299
1.20467|52.55275
1.20461|52.5524
1.2046|52.55205
1.20455|52.55183
1.20446|52.55156
1.20443|52.55137
1.20443|52.55124
1.20448|52.55095
1.20456|52.55077
1.20464|52.55063
1.2049|52.55029
1.20496|52.55023
1.20513|52.55
1.20519|52.54988
1.2052|52.54987
1.20523|52.54977
1.20551|52.54915
1.2056|52.54884
1.20563|52.54861
1.20562|52.54836
1.20552|52.54803
1.20551|52.5479
1.20249|52.54794
1.2023|52.54792
1.20171|52.54789
1.20145|52.54786
1.20086|52.54774
1.20027|52.54758
1.1998|52.54742
1.19979|52.54741
1.19955|52.54732
1.19896|52.54706
1.19731|52.54645
1.19664|52.54623
1.19567|52.54587
1.19549|52.54579
1.19516|52.54562
1.19495|52.54547
1.19483|52.54536
1.19468|52.54518
1.19452|52.54494
1.19451|52.54493
1.19433|52.54463
1.19424|52.54445
1.19415|52.54422
1.19409|52.54398
1.19377|52.54388
1.19344|52.54382
1.19311|52.54382
1.19194|52.54388
1.19187|52.54389
1.19119|52.54388
1.19104|52.54386
1.18998|52.54378
1.18959|52.54381
1.18857|52.544
1.18702|52.54418
1.18655|52.54414
1.18615|52.54414
1.18508|52.54425
1.18442|52.54428
1.18431|52.54427
1.18411|52.54423
1.18409|52.54423
1.18402|52.5442
1.18395|52.54418
1.18388|52.54414
1.18385|52.54413
1.18376|52.54406
1.18367|52.54397
1.18342|52.54378
1.18287|52.54323
1.1827|52.54308
1.18244|52.54291
1.18234|52.54287
1.18119|52.54259
1.18042|52.54253
1.18033|52.54251
1.18012|52.54241
1.18001|52.54232
1.17922|52.54177
1.17911|52.54168
1.17897|52.54151
1.17895|52.54145
1.17869|52.54086
1.17852|52.54056
1.17849|52.54053
1.17833|52.54043
1.17827|52.5404
1.17813|52.5403
1.17805|52.54018
1.17787|52.53978
1.17778|52.53961
1.17761|52.53934
1.1775|52.5391
1.17748|52.53907
1.17735|52.53881
1.17708|52.53843
1.17703|52.53834
1.17701|52.53829
1.17701|52.53823
1.17702|52.53816
1.17708|52.53807
1.17727|52.53795
1.17747|52.53784
1.17785|52.5376
1.17887|52.53706
1.1792|52.53684
1.17927|52.53677
1.17946|52.53652
1.1798|52.53602
1.17982|52.53598
1.18013|52.53558
1.18055|52.53513
1.18058|52.53508
1.18059|52.53505
1.1806|52.53504
1.1806|52.53491
1.18056|52.53482
1.18048|52.53471
1.18035|52.5345
1.18012|52.53421
1.17997|52.53405
1.17979|52.53392
1.17977|52.5339
1.17871|52.53321
1.17829|52.53291
1.17813|52.53277
1.1772|52.53283
1.16978|52.5329
1.1667|52.53325
1.16652|52.53329
1.16629|52.53339
1.16626|52.53341
1.1653|52.53391
1.1648|52.53406
1.16448|52.5341
1.16438|52.5341
1.16416|52.53412
1.16418|52.53424
1.16418|52.53427
1.16419|52.5343
1.16422|52.53433
1.16426|52.53436
1.16431|52.53438
1.16434|52.5344
1.16597|52.53473
1.16602|52.53473
1.16609|52.53471
1.16617|52.53467
1.16609|52.53471
1.16602|52.53473
1.16597|52.53473
1.16434|52.5344
1.16431|52.53438
1.16426|52.53436
1.16422|52.53433
1.16419|52.5343
1.16418|52.53427
1.16418|52.53424
1.16416|52.53412
1.16438|52.5341
1.16448|52.5341
1.1648|52.53406
1.1653|52.53391
1.16626|52.53341
1.16629|52.53339
1.16652|52.53329
1.1667|52.53325
1.16978|52.5329
1.1772|52.53283
1.17813|52.53277
1.18149|52.53238
1.18173|52.53234
1.18186|52.5323
1.18204|52.53226
1.18219|52.53237
1.18223|52.53241
1.18234|52.53238
1.18236|52.53237
1.18239|52.53237
1.18243|52.53236
1.18248|52.53236
1.18256|52.53237
1.18263|52.53237
1.18504|52.53277
1.18518|52.53278
1.18654|52.53298
1.18778|52.53313
1.18812|52.53313
1.18825|52.53311
1.18839|52.53307
1.18868|52.53296
1.18879|52.5329
1.18884|52.53288
1.18891|52.53284
1.18892|52.53282
1.18894|52.5328
1.18895|52.53278
1.18897|52.53276
1.18899|52.53272
1.189|52.53268
1.18901|52.53238
1.18902|52.53237
1.18904|52.53186
1.18908|52.53175
1.18912|52.53171
1.18919|52.53167
1.18932|52.53164
1.18936|52.53164
1.1894|52.53163
1.18944|52.53163
1.18949|52.5316
1.18952|52.53157
1.18954|52.53152
1.18954|52.53149
1.18955|52.53146
1.18954|52.53123
1.18955|52.53117
1.18957|52.53112
1.1896|52.53109
1.18972|52.53107
1.19062|52.53101
1.19103|52.53092
1.19104|52.53091
1.19162|52.53066
1.19181|52.5306
1.19209|52.53053
1.19235|52.53048
1.19403|52.53007
1.19444|52.52995
1.19452|52.52994
1.1948|52.52988
1.1949|52.52987
1.19524|52.52987
1.19578|52.52993
1.19622|52.53004
1.19623|52.53004
1.19666|52.5302
1.19672|52.53024
1.19682|52.53029
1.1971|52.53048
1.19726|52.53057
1.19756|52.53078
1.1976|52.53082
1.19776|52.53092
1.19842|52.53118
1.19895|52.53147
1.19955|52.53185
1.1996|52.53189
1.19971|52.53185
1.20035|52.5317
1.20063|52.53166
1.20066|52.53165
1.20078|52.53164
1.20083|52.53163
1.2018|52.53153
1.20185|52.53152
1.20216|52.5315
1.20306|52.5315
1.20313|52.53148
1.20336|52.53139
1.20354|52.5313
1.20355|52.5313
1.20442|52.53086
1.20446|52.53085
1.20535|52.53045
1.20575|52.5303
1.20619|52.5302
1.20621|52.5302
1.20634|52.53017
1.20711|52.53004
1.20782|52.52997
1.20901|52.52995
1.20946|52.5299
1.20977|52.52994
1.21013|52.52994
1.21047|52.5299
1.21113|52.52978
1.21134|52.52973
1.21137|52.52973
1.21208|52.52944
1.21214|52.52943
1.2122|52.52941
1.21238|52.52941
1.21254|52.52947
1.21259|52.5295
1.21268|52.52957
1.21276|52.52966
1.21278|52.52967
1.21288|52.5298
1.21326|52.53022
1.21346|52.53041
1.2145|52.53122
1.21462|52.53134
1.21465|52.53138
1.21487|52.53175
1.21496|52.53188
1.21506|52.53205
1.21513|52.53219
1.21527|52.53241
1.21534|52.53248
1.21566|52.53231
1.21627|52.53202
1.21656|52.53185
1.21689|52.53168
1.21707|52.5316
1.21733|52.53151
1.21828|52.53129
1.22253|52.53041
1.22266|52.53036
1.22277|52.5303
1.22278|52.5303
1.22286|52.53024
1.22294|52.53016
1.22299|52.53009
1.22315|52.52969
1.22318|52.52964
1.22325|52.52955
1.22337|52.52942
1.224|52.52907
1.22437|52.52884
1.22587|52.52817
1.22604|52.52812
1.22587|52.52817
1.22437|52.52884
1.224|52.52907
1.22337|52.52942
1.22325|52.52955
1.22318|52.52964
1.22315|52.52969
1.22299|52.53009
1.22294|52.53016
1.22286|52.53024
1.22278|52.5303
1.22277|52.5303
1.22266|52.53036
1.22253|52.53041
1.21828|52.53129
1.21733|52.53151
1.21707|52.5316
1.21689|52.53168
1.21656|52.53185
1.21627|52.53202
1.21566|52.53231
1.21534|52.53248
1.21527|52.53241
1.21513|52.53219
1.21506|52.53205
1.21496|52.53188
1.21487|52.53175
1.21465|52.53138
1.21462|52.53134
1.2145|52.53122
1.21346|52.53041
1.21326|52.53022
1.21288|52.5298
1.21278|52.52967
1.21276|52.52966
1.21268|52.52957
1.21259|52.5295
1.21254|52.52947
1.21238|52.52941
1.2122|52.52941
1.21214|52.52943
1.21208|52.52944
1.21137|52.52973
1.21134|52.52973
1.21113|52.52978
1.21047|52.5299
1.21013|52.52994
1.20977|52.52994
1.20946|52.5299
1.20917|52.52939
1.20886|52.52859
1.20879|52.52838
1.20877|52.52817
1.20877|52.52772
1.20876|52.52762
1.20866|52.52727
1.20866|52.52726
1.2085|52.5269
1.2085|52.52689
1.20808|52.52605
1.20806|52.52603
1.20787|52.52577
1.20784|52.52574
1.20784|52.52573
1.20771|52.5254
1.20758|52.52477
1.20753|52.52467
1.20748|52.52462
1.20738|52.52458
1.20725|52.52454
1.20714|52.52453
1.20693|52.52453
1.20679|52.52454
1.20611|52.52463
1.20586|52.52465
1.20534|52.52474
1.2051|52.52481
1.205|52.52483
1.20447|52.52499
1.2044|52.52502
1.20412|52.52507
1.20394|52.52507
1.20383|52.52505
1.20373|52.52501
1.20364|52.52496
1.20357|52.52489
1.20354|52.52485
1.20351|52.52482
1.20349|52.52477
1.20336|52.52454
1.20295|52.52342
1.20358|52.52336
1.20487|52.52319
1.20548|52.52309
1.20633|52.52289
1.2064|52.52306
1.20633|52.52289
1.20548|52.52309
1.20487|52.52319
1.20358|52.52336
1.20295|52.52342
1.20114|52.52368
1.20072|52.52376
1.19949|52.52408
1.19922|52.52413
1.19912|52.52414
1.19895|52.52414
1.19886|52.52415
1.19849|52.52414
1.1979|52.52409
1.19682|52.52406
1.19507|52.52394
1.19441|52.52385
1.19379|52.52379
1.19296|52.52377
1.19244|52.5238
1.19206|52.52384
1.19152|52.52395
1.19108|52.52409
1.19093|52.52417
1.19062|52.52441
1.19033|52.52456
1.19016|52.52463
1.18943|52.52485
1.18665|52.52533
1.18577|52.52545
1.18296|52.5257
1.18242|52.52571
1.1822|52.5257
1.17978|52.52537
1.17961|52.52539
1.17932|52.52519
1.17905|52.52506
1.17757|52.5245
1.17745|52.52444
1.17724|52.5243
1.17718|52.52424
1.17711|52.52419
1.17701|52.52407
1.17686|52.5237
1.17674|52.5235
1.17654|52.52325
1.17593|52.52264
1.17507|52.52193
1.17407|52.52128
1.17385|52.52117
1.17354|52.52107
1.17209|52.52079
1.17187|52.52071
1.17171|52.52063
1.1715|52.52048
1.17139|52.52036
1.1713|52.52024
1.17122|52.5201
1.17114|52.51988
1.17104|52.51928
1.17103|52.51927
1.171|52.51913
1.17089|52.51893
1.17083|52.51884
1.17072|52.51875
1.17046|52.51863
1.17035|52.5186
1.17009|52.5185
1.16981|52.51837
1.16937|52.51811
1.16907|52.51787
1.1686|52.51754
1.16765|52.51692
1.16745|52.51673
1.16742|52.51671
1.16737|52.51661
1.16735|52.51655
1.16731|52.51633
1.16728|52.51603
1.1673|52.51559
1.16729|52.51541
1.16727|52.51529
1.16724|52.51519
1.16717|52.5151
1.16706|52.515
1.16685|52.51492
1.16643|52.51484
1.16428|52.51455
1.16071|52.51434
1.15997|52.51425
1.15973|52.51418
1.15963|52.51412
1.15955|52.51401
1.15955|52.514
1.15934|52.51369
1.15922|52.51356
1.15894|52.51338
1.15868|52.51324
1.15765|52.51276
1.15728|52.51261
1.15695|52.51244
1.15687|52.51239
1.15678|52.51232
1.1565|52.51214
1.15633|52.51201
1.1561|52.51178
1.15603|52.51168
1.15593|52.51146
1.15591|52.51135
1.15593|52.51096
1.156|52.51041
1.15606|52.50974
1.15615|52.50801
1.15614|52.50795
1.15614|52.50788
1.15611|52.50774
1.15604|52.50758
1.15598|52.50748
1.15587|52.50733
1.15567|52.5071
1.15542|52.50684
1.15458|52.50589
1.15445|52.50576
1.1524|52.5035
1.15228|52.50335
1.14781|52.49847
1.14726|52.49784
1.14641|52.49692
1.14629|52.49676
1.14624|52.49671
1.14609|52.49649
1.14608|52.49648
1.14598|52.49629
1.14592|52.49621
1.14585|52.49608
1.14573|52.49589
1.14553|52.49567
1.14531|52.49548
1.14509|52.49536
1.14489|52.49528
1.14468|52.49522
1.14307|52.49488
1.14155|52.49473
1.14109|52.49465
1.14075|52.49457
1.14026|52.49442
1.13736|52.49339
1.13722|52.49349
1.13695|52.49365
1.13679|52.49372
1.13628|52.4939
1.13556|52.49411
1.13484|52.49435
1.13408|52.49465
1.13362|52.49486
1.13343|52.49493
1.13329|52.49502
1.13312|52.49515
1.13289|52.49542
1.13278|52.49536
1.13269|52.4953
1.13262|52.49524
1.13258|52.49519
1.13257|52.49517
1.1325|52.49507
1.13234|52.49469
1.13229|52.49451
1.13215|52.49376
1.13042|52.49393
1.13029|52.49393
1.13007|52.49391
1.12971|52.49385
1.12931|52.49382
1.1271|52.4938
1.12618|52.49384
1.12296|52.49419
1.1228|52.49422
1.12278|52.49423
1.12222|52.49441
1.12191|52.49448
1.12153|52.49454
1.11896|52.49479
1.11891|52.49472
1.11871|52.49449
1.11837|52.49418
1.1183|52.49409
1.11808|52.49366
1.11792|52.49343
1.1179|52.49341
1.11784|52.49333
1.11745|52.49292
1.11734|52.49282
1.11619|52.492
1.11615|52.49198
1.11588|52.4918
1.11558|52.49163
1.11513|52.49142
1.11451|52.49119
1.11431|52.49109
1.1142|52.49099
1.11416|52.49094
1.11416|52.49093
1.11401|52.49072
1.11361|52.49009
1.11355|52.48998
1.11305|52.48941
1.11296|52.48929
1.11364|52.489
1.11468|52.48862
1.11487|52.48854
1.11516|52.48837
1.11523|52.4883
1.11529|52.48819
1.11541|52.48774
1.11546|52.48726
1.11547|52.48706
1.11545|52.48679
1.11538|52.48651
1.11535|52.48632
1.11534|52.48608
1.11537|52.48582
1.11537|52.48572
1.11534|52.48561
1.11532|52.48557
1.11529|52.48553
1.11524|52.48549
1.11524|52.48548
1.11506|52.48538
1.11476|52.48526
1.11457|52.48517
1.1145|52.48512
1.11444|52.48503
1.11441|52.48488
1.11442|52.4848
1.11447|52.48463
1.1147|52.48425
1.11485|52.48406
1.11505|52.48377
1.11564|52.48299
1.11579|52.48277
1.11609|52.4824
1.1163|52.48223
1.11701|52.48193
1.11717|52.48185
1.1174|52.48169
1.11762|52.48149
1.1179|52.48115
1.11803|52.48097
1.11814|52.48076
1.11821|52.48056
1.11823|52.48053
1.11825|52.48051
1.1183|52.48048
1.118|52.48033
1.11796|52.48032
1.11795|52.48023
1.11783|52.47998
1.11777|52.47982
1.11776|52.47977
1.11777|52.47972
1.11779|52.47966
1.11782|52.4796
1.11901|52.47812
1.11902|52.4781
1.11923|52.47784
1.11943|52.47762
1.11959|52.47741
1.12039|52.47656
1.12057|52.47641
1.12149|52.47584
1.12169|52.47573
1.12201|52.47561
1.12337|52.47529
1.12376|52.47523
1.12398|52.47522
1.12422|52.47525
1.12441|52.47529
1.12443|52.4753
1.12466|52.47534
1.12514|52.47533
1.12767|52.47494
1.12794|52.47485
1.12803|52.47481
1.12819|52.47468
1.12827|52.47459
1.12834|52.47449
1.12843|52.47433
1.1285|52.47411
1.1285|52.47392
1.12847|52.47379
1.1283|52.47326
1.12821|52.47292
1.12815|52.47281
1.12802|52.47268
1.12742|52.47231
1.12717|52.47211
1.12644|52.47147
1.12594|52.47116
1.12586|52.47112
1.1256|52.47093
1.12545|52.47079
1.12526|52.47058
1.12503|52.47026
1.12434|52.46914
1.12386|52.46826
1.12372|52.46805
1.12358|52.46789
1.12342|52.46774
1.12305|52.46747
1.12304|52.46747
1.12283|52.46728
1.1225|52.46685
1.12261|52.46683
1.12311|52.4667
1.12416|52.46647
1.12568|52.46607
1.12632|52.46595
1.12745|52.46579
1.12951|52.46556
1.13303|52.46533
1.13531|52.4651
1.13568|52.46509
1.13608|52.46512
1.13633|52.46517
1.13659|52.46524
1.13712|52.46541
1.13777|52.46555
1.1399|52.46579
1.14001|52.46589
1.13996|52.46595
1.13992|52.46602
1.13988|52.46624
1.13986|52.46642
1.13987|52.46673
1.13993|52.46696
1.14008|52.46729
1.14022|52.46765
1.14023|52.46771
1.14026|52.46779
1.14027|52.46793
1.14026|52.46815
1.14013|52.46856
1.13988|52.46912
1.13968|52.46944
1.13922|52.47003
1.13922|52.47011
1.1393|52.47019
1.13944|52.47027
1.14031|52.47068
1.14042|52.47076
1.14046|52.47081
1.14048|52.4709
1.14048|52.47096
1.14021|52.47137
1.14005|52.47174
1.13993|52.47213
1.13992|52.47235
1.13996|52.47246
1.14|52.47253
1.14001|52.47253
1.14011|52.47265
1.14016|52.47269
1.14021|52.47272
1.14047|52.47281
1.14098|52.4728
1.14118|52.47278
1.14178|52.47276
1.14255|52.47277
1.14268|52.47279
1.14289|52.47285
1.14301|52.4729
1.14334|52.47311
1.14366|52.47326
1.14398|52.47338
1.14529|52.47367
1.1453|52.47367
1.14599|52.47382
1.14614|52.47388
1.14621|52.47392
1.14614|52.47388
1.14599|52.47382
1.1453|52.47367
1.14529|52.47367
1.14398|52.47338
1.14366|52.47326
1.14334|52.47311
1.14301|52.4729
1.14289|52.47285
1.14268|52.47279
1.14255|52.47277
1.14178|52.47276
1.14118|52.47278
1.14098|52.4728
1.14047|52.47281
1.14021|52.47272
1.14016|52.47269
1.14011|52.47265
1.14001|52.47253
1.14|52.47253
1.13996|52.47246
1.13992|52.47235
1.13993|52.47213
1.14005|52.47174
1.14021|52.47137
1.14048|52.47096
1.14048|52.4709
1.14046|52.47081
1.14042|52.47076
1.14031|52.47068
1.13944|52.47027
1.1393|52.47019
1.13922|52.47011
1.13922|52.47003
1.13968|52.46944
1.13988|52.46912
1.14013|52.46856
1.14026|52.46815
1.14027|52.46793
1.14026|52.46779
1.14023|52.46771
1.14022|52.46765
1.14008|52.46729
1.13993|52.46696
1.13987|52.46673
1.13986|52.46642
1.13988|52.46624
1.13992|52.46602
1.13996|52.46595
1.14001|52.46589
1.14018|52.4658
1.14023|52.46576
1.14113|52.46563
1.14165|52.46559
1.14221|52.46558
1.14244|52.46555
1.14265|52.46549
1.14328|52.4651
1.14357|52.46486
1.14379|52.46461
1.1439|52.4645
1.14419|52.46413
1.14438|52.46378
1.14443|52.46353
1.14443|52.4634
1.14435|52.46303
1.14427|52.46289
1.14413|52.46272
1.14398|52.46261
1.14376|52.46242
1.1436|52.4623
1.1434|52.46211
1.14337|52.46207
1.14315|52.46187
1.14293|52.46173
1.14279|52.46166
1.14237|52.46151
1.14035|52.46097
1.13966|52.46076
1.13916|52.46052
1.13923|52.46026
1.13949|52.4596
1.13953|52.45945
1.13965|52.4591
1.13965|52.459
1.13961|52.45888
1.13952|52.45875
1.13937|52.45857
1.13923|52.45838
1.13884|52.45776
1.13854|52.45745
1.13813|52.45713
1.13802|52.45699
1.13794|52.45684
1.13786|52.45664
1.13778|52.45629
1.13767|52.45606
1.13758|52.45592
1.13721|52.45554
1.13677|52.45515
1.13647|52.45492
1.13578|52.45447
1.13559|52.45431
1.13537|52.45408
1.13535|52.45407
1.13515|52.45374
1.13499|52.45323
1.13497|52.45304
1.13496|52.453
1.13496|52.45278
1.13493|52.45255
1.13479|52.45199
1.13478|52.45197
1.13466|52.45161
1.13455|52.45133
1.13416|52.45052
1.13387|52.44984
1.13364|52.44915
1.13357|52.449
1.13356|52.44899
1.13338|52.44872
1.13329|52.44853
1.13308|52.44798
1.13307|52.44797
1.13282|52.44741
1.1328|52.44735
1.1327|52.44719
1.13264|52.44701
1.13262|52.44688
1.13263|52.44653
1.1326|52.4464
1.13257|52.44619
1.13248|52.44595
1.13233|52.44562
1.13202|52.44501
1.13195|52.44491
1.13195|52.4449
1.13183|52.44474
1.13109|52.44407
1.12969|52.44255
1.12965|52.44247
1.12963|52.44233
1.12969|52.44182
1.12972|52.44102
1.12971|52.43994
1.12967|52.43922
1.12965|52.43909
1.12972|52.43758
1.12978|52.43699
1.12988|52.43665
1.13017|52.43491
1.13027|52.43404
1.13037|52.43356
1.13046|52.43297
1.13046|52.43295
1.1306|52.43198
1.1307|52.43145
1.13087|52.43136
1.131|52.43135
1.13131|52.43136
1.13343|52.43152
1.13473|52.43173
1.13535|52.43181
1.13636|52.43188
1.13804|52.43218
1.13849|52.43223
1.14019|52.43228
1.14082|52.43232
1.14129|52.4324
1.14135|52.43242
1.14139|52.43242
1.14143|52.43243
1.14148|52.43243
1.14155|52.43239
1.14189|52.43209
1.1422|52.43184
1.14248|52.43164
1.14265|52.43148
1.14279|52.43133
1.14296|52.43111
1.14309|52.43089
1.14323|52.4307
1.14332|52.4306
1.14359|52.43037
1.14399|52.43013
1.144|52.43012
1.14446|52.42982
1.14456|52.42971
1.14474|52.42939
1.14481|52.4292
1.14486|52.42909
1.14492|52.42899
1.14497|52.42893
1.14512|52.42881
1.14545|52.42844
1.1457|52.42824
1.14586|52.42813
1.1461|52.42802
1.14646|52.42791
1.14714|52.42783
1.14736|52.42782
1.14891|52.42791
1.14918|52.42725
1.14935|52.42675
1.14938|52.42669
1.15043|52.42685
1.15094|52.4269
1.15117|52.42689
1.15131|52.42687
1.15134|52.42687
1.15168|52.42679
1.15321|52.42627
1.15434|52.42583
1.15447|52.42579
1.15462|52.4257
1.15463|52.42564
1.15461|52.4256
1.15407|52.42476
1.15387|52.42436
1.15386|52.42432
1.15386|52.42429
1.15389|52.42421
1.15402|52.42412
1.15424|52.424
1.15442|52.42392
1.15459|52.42366
1.15461|52.42358
1.15462|52.4235
1.15461|52.42338
1.15458|52.42327
1.15453|52.42315
1.15437|52.42292
1.15545|52.42277
1.15612|52.42274
1.15703|52.42275
1.15729|52.42278
1.15755|52.42285
1.15785|52.42295
1.15815|52.423
1.16107|52.4232
1.16135|52.42325
1.16169|52.42337
1.16194|52.42349
1.16215|52.42364
1.16227|52.42376
1.16236|52.42389
1.16261|52.42442
1.16269|52.42466
1.16273|52.42483
1.16274|52.42499
1.16268|52.4255
1.16437|52.42564
1.16579|52.42597
1.16582|52.42597
1.16618|52.42603
1.16667|52.42607
1.16669|52.42608
1.16737|52.42616
1.1678|52.42623
1.16813|52.4263
1.16858|52.42644
1.16962|52.42683
1.17001|52.42695
1.1703|52.42701
1.17071|52.42707
1.17113|52.42711
1.17259|52.42719
1.17365|52.42729
1.17537|52.42735
1.17549|52.42647
1.17553|52.42637
1.17562|52.42633
1.17605|52.42628
1.17737|52.42622
1.17777|52.42622
1.17789|52.42623
1.17792|52.42624
1.17799|52.42625
1.17816|52.42629
1.1787|52.42648
1.17896|52.42655
1.17913|52.42661
1.17947|52.42668
1.17969|52.42671
1.18141|52.42684
1.18201|52.42685
1.18228|52.42684
1.18309|52.42685
1.18364|52.42691
1.18417|52.427
1.1842|52.427
1.18489|52.42711
1.18517|52.42718
1.18521|52.4272
1.18526|52.42725
1.18528|52.42728
1.18531|52.42736
1.18546|52.42747
1.18551|52.42749
1.18582|52.42755
1.18594|52.42756
1.18613|52.42759
1.18624|52.42763
1.18626|52.42763
1.18633|52.42768
1.18636|52.42771
1.18637|52.42774
1.18637|52.42782
1.18634|52.42792
1.18634|52.42794
1.18631|52.42801
1.18627|52.42819
1.18627|52.42824
1.18629|52.42827
1.18629|52.42828
1.18631|52.4283
1.18639|52.42834
1.18647|52.42836
1.18843|52.42864
1.18903|52.4287
1.18953|52.4285
1.18994|52.4283
1.19038|52.42802
1.19058|52.42792
1.19083|52.42782
1.19096|52.42779
1.1912|52.42776
1.19228|52.42771
1.20383|52.42618
1.20401|52.42617
1.20372|52.42574
1.20357|52.42547
1.20268|52.42353
1.20135|52.42378
1.20133|52.42379
1.19929|52.42415
1.19816|52.42441
1.198|52.42443
1.19797|52.42444
1.19771|52.42448
1.19606|52.42466
1.196|52.42466
1.19584|52.42469
1.19581|52.42469
1.19559|52.42473
1.19557|52.42473
1.1955|52.42477
1.19543|52.42483
1.19533|52.42487
1.19495|52.42489
1.19329|52.4249
1.19284|52.42622
1.19231|52.42758
1.19228|52.42771
1.1912|52.42776
1.19096|52.42779
1.19083|52.42782
1.19058|52.42792
1.19038|52.42802
1.18994|52.4283
1.18953|52.4285
1.18903|52.4287
1.18824|52.43088
1.18816|52.43123
1.18813|52.43161
1.18809|52.43173
1.18803|52.4318
1.18803|52.43181
1.18767|52.43221
1.18763|52.43228
1.18761|52.43234
1.1876|52.4325
1.18762|52.4326
1.18767|52.43274
1.18776|52.43289
1.18802|52.43324
1.18817|52.43341
1.18844|52.43359
1.18851|52.43362
1.18865|52.43366
1.18865|52.43384
1.18869|52.43422
1.1887|52.43458
1.18868|52.43518
1.18876|52.43628
1.18881|52.4365
1.18891|52.43666
1.18948|52.4372
1.18953|52.43727
1.18955|52.43729
1.18961|52.43737
1.18968|52.43752
1.18973|52.4376
1.18973|52.43761
1.19|52.43793
1.19044|52.43851
1.19092|52.43905
1.19186|52.44018
1.19321|52.4415
1.19337|52.4416
1.19354|52.44169
1.19378|52.44178
1.19387|52.44179
1.19395|52.44181
1.19404|52.44182
1.19433|52.44182
1.1944|52.44183
1.19447|52.44183
1.19457|52.44187
1.19458|52.44188
1.19493|52.44211
1.19578|52.44276
1.19541|52.44297
1.19531|52.44304
1.19515|52.44319
1.1951|52.44327
1.19509|52.44332
1.19507|52.44338
1.19506|52.4435
1.19508|52.44362
1.19522|52.44402
1.19574|52.4452
1.1958|52.44537
1.1958|52.44543
1.19582|52.44556
1.19577|52.44578
1.19562|52.44605
1.1954|52.44631
1.19507|52.44657
1.19446|52.44692
1.19357|52.44731
1.1933|52.44738
1.19276|52.44747
1.19249|52.4475
1.19222|52.44755
1.19094|52.44785
1.18768|52.44849
1.18709|52.44856
1.18677|52.44858
1.18636|52.44856
1.18037|52.4479
1.17797|52.44768
1.17556|52.44767
1.1755|52.44766
1.17532|52.4476
1.17525|52.44755
1.17522|52.44752
1.17518|52.44746
1.17503|52.4471
1.17499|52.44705
1.17494|52.44703
1.17481|52.44701
1.17472|52.44702
1.1736|52.44723
1.17341|52.44724
1.17327|52.44723
1.17337|52.44762
1.17346|52.44788
1.17358|52.44811
1.17382|52.4485
1.17405|52.44899
1.17553|52.45271
1.1756|52.45292
1.17648|52.45899
1.1765|52.45904
1.17545|52.45909
1.17458|52.45916
1.17104|52.45933
1.17145|52.46181
1.17149|52.46215
1.17149|52.46378
1.17155|52.46404
1.17164|52.46428
1.17173|52.46444
1.17184|52.4646
1.17211|52.46486
1.1725|52.4653
1.1726|52.46547
1.17264|52.46557
1.17266|52.46573
1.17264|52.46595
1.17262|52.46606
1.17262|52.46626
1.17258|52.46658
1.17258|52.46679
1.17261|52.467
1.17276|52.46725
1.17327|52.46785
1.17337|52.46802
1.17358|52.46854
1.17359|52.46855
1.17371|52.46902
1.17401|52.46976
1.17439|52.47041
1.17445|52.47059
1.17446|52.47069
1.17444|52.47121
1.1744|52.47159
1.1743|52.47196
1.17422|52.47219
1.17406|52.47254
1.17384|52.47288
1.1737|52.47303
1.17368|52.47306
1.17308|52.47343
1.17295|52.47354
1.1729|52.47363
1.17289|52.47369
1.17289|52.47373
1.17291|52.47378
1.173|52.4739
1.17314|52.47404
1.17327|52.4742
1.17341|52.4744
1.17362|52.47482
1.17376|52.47493
1.17391|52.47501
1.17414|52.4751
1.17505|52.4753
1.17547|52.47535
1.17642|52.47531
1.17711|52.47522
1.17767|52.47509
1.1782|52.47499
1.17994|52.47479
1.18003|52.47479
1.18062|52.47474
1.18064|52.47456
1.18154|52.47431
1.18163|52.47427
1.18168|52.47424
1.18169|52.47424
1.1817|52.47422
1.18173|52.47419
1.18174|52.47415
1.18174|52.47406
1.18173|52.47399
1.18173|52.4739
1.18177|52.47365
1.18183|52.47349
1.18187|52.47342
1.1825|52.47268
1.18261|52.47257
1.18284|52.47231
1.18319|52.47201
1.18368|52.47166
1.1848|52.47103
1.18502|52.47099
1.18512|52.47096
1.18565|52.47087
1.18671|52.47079
1.18984|52.47043
1.19021|52.47045
1.19054|52.47049
1.19075|52.47054
1.19087|52.47058
1.19159|52.47093
1.19175|52.47102
1.192|52.47113
1.19226|52.47122
1.19258|52.4713
1.19276|52.47132
1.193|52.4713
1.19316|52.47126
1.19331|52.47119
1.19453|52.47041
1.19492|52.47024
1.19513|52.4702
1.19514|52.47025
1.19516|52.47029
1.19536|52.47046
1.19559|52.4707
1.19633|52.47136
1.19668|52.47164
1.19693|52.47182
1.19758|52.47219
1.19857|52.47283
1.19907|52.47309
1.19955|52.47325
1.20097|52.47354
1.20143|52.47361
1.20191|52.47364
1.20235|52.47373
1.20267|52.47383
1.20268|52.47383
1.20321|52.47396
1.20378|52.47402
1.20474|52.47404
1.20491|52.47406
1.20495|52.47407
1.20498|52.47409
1.20501|52.4741
1.20506|52.47415
1.20507|52.47417
1.20507|52.47423
1.205|52.4745
1.20475|52.47519
1.20459|52.47573
1.20444|52.47633
1.20431|52.47676
1.20428|52.47696
1.20428|52.47705
1.20429|52.47714
1.20433|52.47723
1.20439|52.47732
1.20452|52.47743
1.20493|52.47762
1.20515|52.4777
1.20641|52.47809
1.20688|52.4782
1.20791|52.47835
1.20881|52.47857
1.20889|52.47876
1.20872|52.47941
1.20868|52.47949
1.2086|52.4796
1.20843|52.4798
1.20788|52.48027
1.20718|52.48073
1.20678|52.48096
1.20718|52.48073
1.20788|52.48027
1.20843|52.4798
1.2086|52.4796
1.20868|52.47949
1.20872|52.47941
1.20889|52.47876
1.20881|52.47857
1.20791|52.47835
1.20688|52.4782
1.20641|52.47809
1.20515|52.4777
1.20493|52.47762
1.2046|52.47747
1.20455|52.4775
1.20453|52.4775
1.20451|52.47751
1.20448|52.47751
1.20446|52.47752
1.20442|52.47752
1.20434|52.47751
1.20421|52.47747
1.20392|52.47741
1.20343|52.47734
1.20263|52.47731
1.20206|52.47734
1.20202|52.47735
1.20187|52.47735
1.20074|52.47728
1.20033|52.47728
1.19987|52.47731
1.19962|52.47734
1.1994|52.47738
1.19935|52.47738
1.19918|52.4774
1.19818|52.47746
1.19774|52.47753
1.19751|52.47758
1.19664|52.47782
1.19643|52.47789
1.19625|52.47798
1.19608|52.47809
1.19581|52.47817
1.19567|52.47819
1.19507|52.47822
1.19448|52.47822
1.19426|52.47824
1.19388|52.47831
1.19301|52.47853
1.19253|52.47867
1.19228|52.47878
1.19187|52.47907
1.1914|52.47933
1.1914|52.47934
1.19074|52.4797
1.19057|52.47981
1.18998|52.48035
1.1898|52.48049
1.18943|52.48072
1.18922|52.48087
1.18878|52.48127
1.18876|52.48128
1.18853|52.48144
1.18788|52.48185
1.18742|52.4822
1.18706|52.48254
1.18697|52.48266
1.18686|52.48284
1.1868|52.48298
1.18659|52.48364
1.18647|52.48393
1.18639|52.48407
1.18625|52.48424
1.1861|52.48448
1.18587|52.48481
1.18564|52.48511
1.18557|52.48518
1.18527|52.48542
1.18512|52.48559
1.18505|52.48565
1.185|52.48571
1.18473|52.48623
1.1847|52.48627
1.18462|52.48635
1.18454|52.4864
1.18405|52.48665
1.18391|52.48674
1.18377|52.48685
1.18376|52.48685
1.18367|52.48696
1.18353|52.48719
1.18345|52.48727
1.18358|52.48741
1.18368|52.48749
1.18382|52.48758
1.18415|52.48774
1.1843|52.4878
1.18445|52.48789
1.18471|52.48814
1.18492|52.4884
1.18508|52.48868
1.18515|52.48887
1.18521|52.48938
1.18533|52.48967
1.18583|52.4907
1.1859|52.49092
1.18612|52.4915
1.1862|52.49176
1.18632|52.49207
1.18645|52.49249
1.18651|52.49277
1.18654|52.49308
1.18666|52.49349
1.18671|52.49362
1.18677|52.49383
1.18681|52.4943
1.18684|52.49552
1.18685|52.49553
1.18686|52.49555
1.18687|52.49556
1.18683|52.49563
1.18683|52.49571
1.18696|52.49621
1.18697|52.4963
1.18697|52.49639
1.18693|52.49674
1.18692|52.49694
1.18697|52.49718
1.18726|52.49787
1.18729|52.49799
1.1873|52.49801
1.1873|52.49803
1.18737|52.49845
1.18742|52.49857
1.18761|52.4989
1.18777|52.49912
1.18785|52.4992
1.18789|52.49922
1.18795|52.49926
1.18822|52.49933
1.18833|52.49937
1.18839|52.4994
1.18847|52.49946
1.18851|52.4995
1.18859|52.49961
1.18863|52.49968
1.18866|52.49979
1.18867|52.49988
1.18868|52.50028
1.18879|52.50088
1.18884|52.501
1.18892|52.50115
1.18896|52.5014
1.18894|52.50208
1.18896|52.50216
1.18896|52.50218
1.18898|52.50222
1.18905|52.50229
1.1891|52.50232
1.18914|52.50233
1.18919|52.50235
1.18969|52.50241
1.18976|52.50241
1.1899|52.50245
1.18994|52.50247
1.19001|52.50249
1.19006|52.50253
1.19011|52.50256
1.19014|52.50259
1.19015|52.50261
1.19027|52.50277
1.19042|52.50304
1.19052|52.50327
1.19087|52.50394
1.19088|52.50395
1.19101|52.5042
1.19128|52.50465
1.19135|52.50481
1.19137|52.5049
1.19138|52.50499
1.1914|52.50508
1.1914|52.50523
1.19138|52.50543
1.19137|52.50573
1.19142|52.50578
1.19144|52.50582
1.19171|52.50657
1.19177|52.50671
1.19185|52.50685
1.19201|52.50707
1.19226|52.50736
1.19256|52.50767
1.19289|52.50795
1.19291|52.50796
1.19361|52.50855
1.19364|52.50857
1.19456|52.50937
1.19475|52.50952
1.19501|52.50969
1.19502|52.5097
1.19544|52.50994
1.19559|52.51001
1.1959|52.51018
1.19594|52.51019
1.1964|52.5104
1.19653|52.51045
1.197|52.51068
1.19732|52.51087
1.19771|52.51115
1.19814|52.51157
1.19851|52.51189
1.19904|52.51246
1.20021|52.51354
1.20035|52.51369
1.20191|52.51335
1.20245|52.51312
1.20273|52.51298
1.20274|52.51298
1.2035|52.51263
1.20357|52.51259
1.20364|52.51254
1.20366|52.51251
1.20368|52.51249
1.2037|52.51246
1.20373|52.51243
1.20379|52.5124
1.20386|52.51238
1.20411|52.51237
1.20453|52.51242
1.20463|52.51245
1.20472|52.51245
1.20515|52.5124
1.20576|52.51229
1.20622|52.51218
1.20684|52.51208
1.20714|52.51206
1.20732|52.51206
1.20737|52.51207
1.20741|52.51207
1.20742|52.51208
1.20744|52.51208
1.20747|52.5121
1.20751|52.51211
1.20753|52.51214
1.20762|52.51223
1.20764|52.51226
1.20766|52.51228
1.20768|52.51229
1.2077|52.51229
1.20772|52.5123
1.20774|52.5123
1.20777|52.51231
1.20779|52.51231
1.20781|52.5123
1.20783|52.5123
1.20785|52.51229
1.20809|52.51223
1.20814|52.51221
1.20818|52.5122
1.20823|52.5122
1.20845|52.51217
1.20982|52.51211
1.21074|52.5121
1.21096|52.51201
1.21101|52.51198
1.21105|52.51194
1.21112|52.51189
1.21131|52.51168
1.21157|52.51127
1.21161|52.51119
1.21182|52.51085
1.21207|52.5104
1.21221|52.51018
1.21232|52.50997
1.21241|52.50984
1.21251|52.50967
1.21254|52.5096
1.21291|52.5091
1.21296|52.509
1.21298|52.50897
1.21301|52.50887
1.21303|52.50875
1.21303|52.50866
1.21301|52.50859
1.21293|52.50839
1.21287|52.5083
1.21244|52.50755
1.21239|52.50744
1.21236|52.50734
1.21235|52.50728
1.21235|52.50715
1.21236|52.50709
1.21248|52.50687
1.21258|52.50676
1.21259|52.50676
1.2129|52.50651
1.21317|52.50636
1.21387|52.50603
1.21411|52.50593
1.21412|52.50592
1.2142|52.50587
1.2143|52.50579
1.21442|52.50567
1.21446|52.50565
1.21447|52.50564
1.21461|52.50556
1.215|52.5054
1.2154|52.5052
1.21677|52.50463
1.21687|52.5046
1.21696|52.50456
1.21737|52.50443
1.21739|52.50443
1.21748|52.5044
1.21752|52.5044
1.21755|52.50439
1.21759|52.50439
1.21767|52.50438
1.21892|52.50434
1.21902|52.50433
1.22074|52.50433
1.22218|52.50429
1.22261|52.50433
1.22308|52.50441
1.22345|52.50442
1.22367|52.50438
1.22382|52.50434
1.22385|52.50432
1.22388|52.50431
1.22391|52.50429
1.22413|52.5041
1.22444|52.50376
1.22454|52.50363
1.22461|52.50356
1.2252|52.50309
1.22543|52.50293
1.22549|52.5029
1.22552|52.50289
1.22557|52.50286
1.22598|52.50267
1.22599|52.50267
1.22608|52.50261
1.22615|52.50255
1.22626|52.50242
1.22677|52.50158
1.22693|52.50123
1.22703|52.50093
1.22709|52.50061
1.22712|52.50025
1.22717|52.50007
1.22712|52.50007
1.22527|52.49976
1.22502|52.49963
1.22499|52.49946
1.22499|52.49925
1.22502|52.49875
1.22507|52.49847
1.22514|52.49821
1.22518|52.49793
1.22516|52.49773
1.22512|52.49758
1.22509|52.49751
1.22502|52.49741
1.22489|52.49728
1.21961|52.49499
1.22002|52.49396
1.22012|52.49382
1.2202|52.49376
1.2203|52.49372
1.22057|52.49367
1.22345|52.49353
1.22381|52.49354
1.22383|52.49355
1.22397|52.49356
1.2241|52.49358
1.22413|52.49358
1.22634|52.49411
1.22643|52.49412
1.22663|52.49409
1.22668|52.49407
1.22687|52.49395
1.2271|52.49374
1.22729|52.49354
1.22795|52.49269
1.22818|52.49247
1.2288|52.49196
1.22946|52.49148
1.23142|52.49047
1.23215|52.49006
1.23235|52.48992
1.23269|52.48963
1.23336|52.489
1.23348|52.4889
1.23365|52.48872
1.23379|52.48859
1.23394|52.48849
1.23408|52.48841
1.23476|52.4881
1.23464|52.48795
1.2342|52.48746
1.23403|52.48717
1.23373|52.48646
1.23365|52.48613
1.23364|52.48605
1.23362|52.48518
1.23359|52.48492
1.23313|52.48349
1.23598|52.48357
1.23616|52.48356
1.23658|52.4835
1.23692|52.48342
1.23878|52.48286
1.23896|52.48282
1.23918|52.48282
1.23959|52.48288
1.23983|52.48288
1.23994|52.48287
1.24003|52.48285
1.24007|52.48285
1.24079|52.4827
1.24164|52.48249
1.24199|52.48238
1.24201|52.48238
1.243|52.48202
1.24301|52.48201
1.24342|52.48192
1.244|52.48186
1.24415|52.48186
1.24417|52.48185
1.24456|52.48187
1.24498|52.48193
1.24502|52.48193
1.24553|52.48202
1.24586|52.48206
1.24738|52.48213
1.2478|52.48211
1.24816|52.48207
1.2482|52.48207
1.24829|52.48205
1.24839|52.482
1.24842|52.48204
1.24843|52.48206
1.24843|52.48209
1.24853|52.48272
1.24864|52.48328
1.24907|52.48511
1.24918|52.48593
1.24934|52.4869
1.24934|52.48699
1.24931|52.48711
1.24899|52.48713
1.24897|52.48715
1.24884|52.48724
1.24882|52.48734
1.24886|52.48923
1.24889|52.48953
1.24894|52.48968
1.24919|52.49022
1.24933|52.49089
1.24934|52.491
1.24934|52.4911
1.24932|52.49128
1.24927|52.49152
1.24922|52.49192
1.24916|52.49213
1.24896|52.49265
1.2489|52.49287
1.24886|52.49298
1.24878|52.49315
1.24858|52.49342
1.24844|52.49358
1.24839|52.49367
1.24834|52.4938
1.24831|52.49392
1.24828|52.4944
1.24823|52.49461
1.24819|52.49471
1.24815|52.49484
1.24817|52.49497
1.24817|52.49499
1.24828|52.4953
1.24837|52.49547
1.24855|52.49573
1.24875|52.49592
1.24892|52.49603
1.24897|52.49607
1.24905|52.49615
1.24863|52.49615
1.24798|52.4961
1.2473|52.49608
1.24721|52.49609
1.24697|52.49614
1.24608|52.49642
1.24511|52.49664
1.24509|52.49664
1.24456|52.49677
1.24454|52.49677
1.24442|52.49679
1.24427|52.49679
1.2442|52.49678
1.24327|52.49675
1.24253|52.49679
1.24327|52.49675
1.2442|52.49678
1.24427|52.49679
1.24442|52.49679
1.24454|52.49677
1.24456|52.49677
1.24509|52.49664
1.24511|52.49664
1.24608|52.49642
1.24697|52.49614
1.24721|52.49609
1.2473|52.49608
1.24798|52.4961
1.24863|52.49615
1.2493|52.49614
1.24973|52.4961
1.25076|52.49595
1.25317|52.49587
1.25321|52.49588
1.25327|52.49588
1.25336|52.4959
1.25338|52.4959
1.25342|52.49591
1.25347|52.49593
1.25365|52.49598
1.25408|52.49617
1.25421|52.49621
1.25439|52.49624
1.25616|52.49629
1.2561|52.49665
1.25599|52.49693
1.25577|52.49732
1.25573|52.49747
1.25572|52.49755
1.25573|52.49763
1.25575|52.49826
1.25579|52.49868
1.25579|52.49889
1.25576|52.49914
1.25568|52.49955
1.25561|52.49983
1.25558|52.50004
1.25558|52.5003
1.25561|52.50067
1.25563|52.50073
1.25577|52.50147
1.25603|52.50255
1.25606|52.50263
1.2561|52.5028
1.25614|52.50304
1.25614|52.50355
1.25617|52.50365
1.2562|52.50372
1.25625|52.50381
1.25626|52.50384
1.25628|52.50386
1.25629|52.50386
1.25634|52.50392
1.25649|52.50385
1.25664|52.50376
1.25706|52.50343
1.25707|52.50343
1.25726|52.5033
1.25756|52.50313
1.25909|52.50235
1.2593|52.50226
1.25998|52.50203
1.26089|52.50182
1.26199|52.50167
1.26308|52.50156
1.26311|52.50179
1.26311|52.50191
1.26314|52.50223
1.26316|52.50232
1.26321|52.50243
1.2633|52.50254
1.26336|52.50259
1.26349|52.50266
1.26359|52.50269
1.2637|52.50274
1.26385|52.50289
1.26401|52.50299
1.26469|52.50332
1.26483|52.50345
1.2649|52.504
1.26486|52.50437
1.26479|52.50476
1.26462|52.50542
1.26454|52.5056
1.26444|52.5059
1.2645|52.5062
1.26461|52.5066
1.26475|52.50691
1.26503|52.5072
1.26559|52.50784
1.26569|52.50802
1.26572|52.50806
1.26573|52.50808
1.26575|52.5081
1.26569|52.5081
1.2655|52.50812
1.26208|52.50884
1.26182|52.50892
1.26098|52.50933
1.26048|52.50955
1.25996|52.50982
1.25968|52.50993
1.25926|52.51007
1.25889|52.51013
1.25877|52.51016
1.25869|52.51017
1.25842|52.51023
1.25795|52.51036
1.25794|52.51036
1.25744|52.5105
1.25631|52.51087
1.25592|52.51102
1.25564|52.51115
1.25563|52.51115
1.25471|52.51162
1.25467|52.51165
1.25444|52.51176
1.25438|52.5118
1.25425|52.51185
1.25419|52.51188
1.25116|52.513
1.25129|52.5132
1.25143|52.51346
1.25048|52.51375
1.25026|52.51383
1.24984|52.51401
1.24934|52.51426
1.24891|52.51443
1.24814|52.51469
1.24764|52.51492
1.24759|52.51496
1.24716|52.51522
1.24699|52.51534
1.24663|52.51556
1.24635|52.51569
1.2456|52.51594
1.24552|52.51596
1.24503|52.51614
1.24502|52.51615
1.24488|52.51621
1.24459|52.51637
1.24456|52.51638
1.24409|52.51673
1.244|52.5169
1.24399|52.51691
1.24389|52.51726
1.24389|52.51727
1.24388|52.51727
1.24371|52.51773
1.24361|52.51808
1.2436|52.51815
1.24362|52.51826
1.24368|52.51844
1.2437|52.51848
1.24373|52.51862
1.24376|52.51897
1.24375|52.51933
1.24359|52.52059
1.24354|52.52149
1.24353|52.52156
1.24356|52.52178
1.24356|52.52185
1.24357|52.52191
1.24357|52.52206
1.24356|52.5221
1.24356|52.52214
1.24354|52.52216
1.24353|52.52218
1.24348|52.52223
1.24345|52.52225
1.24341|52.52226
1.24309|52.52242
1.24306|52.52244
1.24303|52.52245
1.24301|52.52247
1.24299|52.52248
1.24296|52.52254
1.24292|52.5227
1.2429|52.52272
1.24288|52.52275
1.24284|52.52279
1.24273|52.52285
1.24199|52.52308
1.24154|52.5232
1.24041|52.52324
1.23915|52.52336
1.23892|52.52336
1.2383|52.52329
1.23789|52.52321
1.2378|52.52363
1.23778|52.52367
1.23771|52.52374
1.23748|52.5239
1.23747|52.52392
1.23731|52.52408
1.23726|52.52415
1.23714|52.52437
1.23711|52.52441
1.23679|52.525
1.23675|52.52506
1.23672|52.52509
1.23668|52.52515
1.23639|52.52548
1.23614|52.52584
1.2361|52.52591
1.23564|52.52633
1.23528|52.52657
1.23522|52.5266
1.235|52.52676
1.23466|52.52705
1.23457|52.52711
1.23459|52.52718
1.23462|52.52722
1.23468|52.52726
1.23476|52.52727
1.23498|52.52726
1.23544|52.5272
1.2355|52.5272
1.23559|52.52719
1.23595|52.52719
1.23615|52.52722
1.23618|52.52722
1.23634|52.52727
1.23639|52.52728
1.23663|52.52736
1.23668|52.52737
1.23743|52.52766
1.23803|52.52784
1.23833|52.52795
1.23892|52.52824
1.239|52.52827
1.23947|52.5285
1.23989|52.52865
1.24043|52.52877
1.2407|52.52886
1.24071|52.52887
1.24092|52.52898
1.24113|52.52911
1.24193|52.52967
1.24208|52.52976
1.24317|52.53032
1.24455|52.53121
1.2446|52.53123
1.24505|52.53146
1.2455|52.53166
1.24602|52.53182
1.2467|52.53197
1.24721|52.53206
1.24745|52.53212
1.24746|52.53212
1.24783|52.53225
1.2484|52.53255
1.24842|52.53257
1.24954|52.53309
1.24978|52.53317
1.25014|52.53333
1.25028|52.53342
1.25029|52.53342
1.25049|52.53355
1.25075|52.53368
1.25085|52.53371
1.25095|52.53373
1.25099|52.53373
1.25128|52.53377
1.25174|52.53381
1.2542|52.5339
1.25453|52.53394
1.25507|52.53405
1.25528|52.53412
1.2553|52.53412
1.25576|52.53428
1.25598|52.53438
1.25606|52.53443
1.25615|52.53451
1.25632|52.53463
1.25691|52.53512
1.25717|52.5353
1.25776|52.53565
1.25832|52.53604
1.25886|52.53634
1.25901|52.53641
1.2596|52.53673
1.26002|52.5369
1.26089|52.53743
1.26118|52.53767
1.25931|52.53855
1.25883|52.5388
1.25909|52.53897
1.25921|52.539
1.25926|52.539
1.25932|52.53901
1.26068|52.53908
1.26076|52.5391
1.26082|52.53913
1.26086|52.53916
1.26118|52.53963
1.25877|52.5404
1.2585|52.54052
1.25842|52.54057
1.25836|52.54062
1.25813|52.54077
1.25807|52.54085
1.258|52.54091
1.25617|52.54225
1.2547|52.54363
1.25432|52.54419
1.25426|52.54434
1.2564|52.54583
1.25694|52.54617
1.25703|52.54621
1.25833|52.54666
1.25965|52.54704
1.25966|52.54704
1.25986|52.54711
1.25996|52.54717
1.26015|52.54732
1.26021|52.54739
1.26023|52.5475
1.26022|52.54752
1.26002|52.5477
1.25988|52.54779
1.25892|52.54833
1.25877|52.54843
1.25843|52.54869
1.25835|52.54874
1.25811|52.54892
1.25668|52.54989
1.25636|52.55007
1.25628|52.5501
1.25627|52.55011
1.2557|52.55033
1.25555|52.55041
1.25536|52.55056
1.25527|52.55066
1.25522|52.55073
1.25518|52.55083
1.25515|52.55093
1.25515|52.55115
1.25514|52.55119
1.25512|52.55137
1.25507|52.5515
1.25506|52.55154
1.25499|52.5517
1.25494|52.55188
1.25484|52.55238
1.2548|52.55315
1.2545|52.55319
1.25303|52.55321
1.25225|52.55319
1.25134|52.55313
1.25095|52.55308
1.25058|52.55301
1.2504|52.55299
1.25025|52.55299
1.2502|52.553
1.25009|52.55304
1.25006|52.55306
1.24995|52.55317
1.24989|52.55327
1.24985|52.55339
1.24982|52.55353
1.24982|52.55357
1.24976|52.55387
1.24969|52.55407
1.24959|52.55426
1.24956|52.55438
1.24955|52.55467
1.24947|52.5547
1.24936|52.55473
1.24913|52.55473
1.2489|52.55471
1.2473|52.55473
1.24649|52.55482
1.24632|52.55485
1.24563|52.5549
1.24546|52.5549
1.24506|52.55483
1.24203|52.55476
1.24174|52.55473
1.24154|52.55473
1.24085|52.55477
1.23759|52.55512
1.23745|52.55515
1.23728|52.55531
1.23731|52.55534
1.23735|52.5554
1.23735|52.55542
1.23717|52.55614
1.23715|52.5564
1.2372|52.55667
1.23733|52.55719
1.23735|52.55738
1.23735|52.5575
1.23742|52.55815
1.23742|52.55839
1.23736|52.55913
1.23716|52.55945
1.23696|52.56043
1.23695|52.56061
1.23691|52.5609
1.23681|52.56197
1.23672|52.56214
1.23564|52.56344
1.23552|52.5636
1.2354|52.56382
1.23537|52.56386
1.23524|52.56397
1.23481|52.56423
1.23474|52.56428
1.23444|52.56444
1.23445|52.56448
1.23448|52.56489
1.23448|52.56503
1.23455|52.5652
1.2351|52.56594
1.23517|52.56607
1.23519|52.56612
1.23522|52.5663
1.23519|52.56661
1.23492|52.56757
1.23481|52.56829
1.23482|52.56836
1.23484|52.56844
1.23487|52.56852
1.23495|52.56864
1.23503|52.56871
1.23523|52.56886
1.23551|52.56901
1.23563|52.56904
1.23691|52.56919
1.23728|52.56928
1.23782|52.56946
1.23924|52.57
1.23966|52.57019
1.23989|52.57034
1.23997|52.57041
1.2401|52.57059
1.24026|52.57085
1.24043|52.57119
1.24064|52.57144
1.24077|52.57156
1.24083|52.5716
1.24085|52.57162
1.24095|52.57167
1.24101|52.57171
1.2412|52.5718
1.24209|52.57216
1.24324|52.57273
1.2438|52.57303
1.2441|52.57321
1.24471|52.57367
1.24516|52.57409
1.24525|52.57416
1.24629|52.57518
1.2463|52.5752
1.24584|52.5753
1.24548|52.57534
1.24542|52.57536
1.2454|52.57538
1.24538|52.57539
1.24536|52.57541
1.24536|52.57553
1.24538|52.57561
1.24539|52.57569
1.24542|52.57579
1.24543|52.57587
1.24543|52.57595
1.24529|52.57618
1.24528|52.57631
1.24524|52.57652
1.24521|52.57719
1.24523|52.57756
1.24526|52.57775
1.24528|52.57779
1.24535|52.57808
1.24543|52.57833
1.24545|52.57836
1.24546|52.57841
1.24546|52.57847
1.24541|52.57866
1.24541|52.57872
1.24644|52.57873
1.24668|52.57876
1.24694|52.57882
1.24701|52.57883
1.24857|52.57925
1.24849|52.57932
1.24826|52.57969
1.24787|52.58019
1.2467|52.58132
1.24669|52.58135
1.24669|52.58137
1.24668|52.58139
1.24668|52.58144
1.2467|52.58156
1.24689|52.58235
1.24752|52.58467
1.24752|52.58478
1.2475|52.58485
1.24726|52.5854
1.24697|52.58594
1.24671|52.58636
1.24659|52.58652
1.24616|52.58716
1.24607|52.58733
1.24587|52.58778
1.24575|52.58811
1.24569|52.58834
1.24543|52.58911
1.24531|52.58952
1.24524|52.58967
1.24518|52.58977
1.24507|52.58988
1.24499|52.58994
1.24498|52.58994
1.24486|52.59002
1.24423|52.59031
1.24355|52.59055
1.24274|52.59075
1.24264|52.59076
1.2426|52.59077
1.24235|52.59077
1.24227|52.59078
1.24199|52.59075
1.24218|52.59094